0 6
1 6
2 7
3 7
4 8
5 9
6 9
7 10
8 10
9 11
10 12
11 12
12 13
13 14
14 15
15 16
16 16
17 17
18 18
19 19
20 20
21 21
22 22
23 23
24 24
25 25
26 26
27 27
28 28
29 29
30 30
31 31
32 32
33 33
34 34
35 36
36 37
37 38
38 39
39 40
40 42
41 43
42 44
43 46
44 47
45 49
46 50
47 51
48 53
49 54
50 56
51 57
52 59
53 60
54 62
55 64
56 65
57 67
58 68
59 70
60 72
61 73
62 75
63 77
64 79
65 81
66 82
67 84
68 86
69 88
70 90
71 92
72 94
73 96
74 98
75 100
76 102
77 104
78 106
79 108
80 110
81 112
82 114
83 116
84 118
85 121
86 123
87 125
88 127
89 129
90 132
91 134
92 136
93 139
94 141
95 144
96 146
97 148
98 151
99 153
100 156
101 158
102 161
103 163
104 166
105 169
106 171
107 174
108 176
109 179
110 182
111 184
112 187
113 190
114 193
115 196
116 198
117 201
118 204
119 207
120 210
121 213
122 216
123 219
124 222
125 225
126 228
127 231
128 234
129 237
130 240
131 243
132 246
133 249
134 252
135 256
136 259
137 262
138 265
139 268
140 272
141 275
142 278
143 282
144 285
145 289
146 292
147 295
148 299
149 302
150 306
151 309
152 313
153 316
154 320
155 324
156 327
157 331
158 334
159 338
160 342
161 345
162 349
163 353
164 357
165 361
166 364
167 368
168 372
169 376
170 380
171 384
172 388
173 392
174 396
175 400
176 404
177 408
178 412
179 416
180 420
181 424
182 428
183 432
184 436
185 441
186 445
187 449
188 453
189 457
190 462
191 466
192 470
193 475
194 479
195 484
196 488
197 492
198 497
199 501
200 506
201 510
202 515
203 519
204 524
205 529
206 533
207 538
208 542
209 547
210 552
211 556
212 561
213 566
214 571
215 576
216 580
217 585
218 590
219 595
220 600
221 605
222 610
223 615
224 620
225 625
226 630
227 635
228 640
229 645
230 650
231 655
232 660
233 665
234 670
235 676
236 681
237 686
238 691
239 696
240 702
241 707
242 712
243 718
244 723
245 729
246 734
247 739
248 745
249 750
250 756
251 761
252 767
253 772
254 778
255 784
256 789
257 795
258 800
259 806
260 812
261 817
262 823
263 829
264 835
265 841
266 846
267 852
268 858
269 864
270 870
271 876
272 882
273 888
274 894
275 900
276 906
277 912
278 918
279 924
280 930
281 936
282 942
283 948
284 954
285 961
286 967
287 973
288 979
289 985
290 992
291 998
292 1004
293 1011
294 1017
295 1024
296 1030
297 1036
298 1043
299 1049
300 1056
301 1062
302 1069
303 1075
304 1082
305 1089
306 1095
307 1102
308 1108
309 1115
310 1122
311 1128
312 1135
313 1142
314 1149
315 1156
316 1162
317 1169
318 1176
319 1183
320 1190
321 1197
322 1204
323 1211
324 1218
325 1225
326 1232
327 1239
328 1246
329 1253
330 1260
331 1267
332 1274
333 1281
334 1288
335 1296
336 1303
337 1310
338 1317
339 1324
340 1332
341 1339
342 1346
343 1354
344 1361
345 1369
346 1376
347 1383
348 1391
349 1398
350 1406
351 1413
352 1421
353 1428
354 1436
355 1444
356 1451
357 1459
358 1466
359 1474
360 1482
361 1489
362 1497
363 1505
364 1513
365 1521
366 1528
367 1536
368 1544
369 1552
370 1560
371 1568
372 1576
373 1584
374 1592
375 1600
376 1608
377 1616
378 1624
379 1632
380 1640
381 1648
382 1656
383 1664
384 1672
385 1681
386 1689
387 1697
388 1705
389 1713
390 1722
391 1730
392 1738
393 1747
394 1755
395 1764
396 1772
397 1780
398 1789
399 1797
400 1806
401 1814
402 1823
403 1831
404 1840
405 1849
406 1857
407 1866
408 1874
409 1883
410 1892
411 1900
412 1909
413 1918
414 1927
415 1936
416 1944
417 1953
418 1962
419 1971
420 1980
421 1989
422 1998
423 2007
424 2016
425 2025
426 2034
427 2043
428 2052
429 2061
430 2070
431 2079
432 2088
433 2097
434 2106
435 2116
436 2125
437 2134
438 2143
439 2152
440 2162
441 2171
442 2180
443 2190
444 2199
445 2209
446 2218
447 2227
448 2237
449 2246
450 2256
451 2265
452 2275
453 2284
454 2294
455 2304
456 2313
457 2323
458 2332
459 2342
460 2352
461 2361
462 2371
463 2381
464 2391
465 2401
466 2410
467 2420
468 2430
469 2440
470 2450
471 2460
472 2470
473 2480
474 2490
475 2500
476 2510
477 2520
478 2530
479 2540
480 2550
481 2560
482 2570
483 2580
484 2590
485 2601
486 2611
487 2621
488 2631
489 2641
490 2652
491 2662
492 2672
493 2683
494 2693
495 2704
496 2714
497 2724
498 2735
499 2745
500 2756
501 2766
502 2777
503 2787
504 2798
505 2809
506 2819
507 2830
508 2840
509 2851
510 2862
511 2872
512 2883
513 2894
514 2905
515 2916
516 2926
517 2937
518 2948
519 2959
520 2970
521 2981
522 2992
523 3003
524 3014
525 3025
526 3036
527 3047
528 3058
529 3069
530 3080
531 3091
532 3102
533 3113
534 3124
535 3136
536 3147
537 3158
538 3169
539 3180
540 3192
541 3203
542 3214
543 3226
544 3237
545 3249
546 3260
547 3271
548 3283
549 3294
550 3306
551 3317
552 3329
553 3340
554 3352
555 3364
556 3375
557 3387
558 3398
559 3410
560 3422
561 3433
562 3445
563 3457
564 3469
565 3481
566 3492
567 3504
568 3516
569 3528
570 3540
571 3552
572 3564
573 3576
574 3588
575 3600
576 3612
577 3624
578 3636
579 3648
580 3660
581 3672
582 3684
583 3696
584 3708
585 3721
586 3733
587 3745
588 3757
589 3769
590 3782
591 3794
592 3806
593 3819
594 3831
595 3844
596 3856
597 3868
598 3881
599 3893
600 3906
601 3918
602 3931
603 3943
604 3956
605 3969
606 3981
607 3994
608 4006
609 4019
610 4032
611 4044
612 4057
613 4070
614 4083
615 4096
616 4108
617 4121
618 4134
619 4147
620 4160
621 4173
622 4186
623 4199
624 4212
625 4225
626 4238
627 4251
628 4264
629 4277
630 4290
631 4303
632 4316
633 4329
634 4342
635 4356
636 4369
637 4382
638 4395
639 4408
640 4422
641 4435
642 4448
643 4462
644 4475
645 4489
646 4502
647 4515
648 4529
649 4542
650 4556
651 4569
652 4583
653 4596
654 4610
655 4624
656 4637
657 4651
658 4664
659 4678
660 4692
661 4705
662 4719
663 4733
664 4747
665 4761
666 4774
667 4788
668 4802
669 4816
670 4830
671 4844
672 4858
673 4872
674 4886
675 4900
676 4914
677 4928
678 4942
679 4956
680 4970
681 4984
682 4998
683 5012
684 5026
685 5041
686 5055
687 5069
688 5083
689 5097
690 5112
691 5126
692 5140
693 5155
694 5169
695 5184
696 5198
697 5212
698 5227
699 5241
700 5256
701 5270
702 5285
703 5299
704 5314
705 5329
706 5343
707 5358
708 5372
709 5387
710 5402
711 5416
712 5431
713 5446
714 5461
715 5476
716 5490
717 5505
718 5520
719 5535
720 5550
721 5565
722 5580
723 5595
724 5610
725 5625
726 5640
727 5655
728 5670
729 5685
730 5700
731 5715
732 5730
733 5745
734 5760
735 5776
736 5791
737 5806
738 5821
739 5836
740 5852
741 5867
742 5882
743 5898
744 5913
745 5929
746 5944
747 5959
748 5975
749 5990
750 6006
751 6021
752 6037
753 6052
754 6068
755 6084
756 6099
757 6115
758 6130
759 6146
760 6162
761 6177
762 6193
763 6209
764 6225
765 6241
766 6256
767 6272
768 6288
769 6304
770 6320
771 6336
772 6352
773 6368
774 6384
775 6400
776 6416
777 6432
778 6448
779 6464
780 6480
781 6496
782 6512
783 6528
784 6544
785 6561
786 6577
787 6593
788 6609
789 6625
790 6642
791 6658
792 6674
793 6691
794 6707
795 6724
796 6740
797 6756
798 6773
799 6789
800 6806
801 6822
802 6839
803 6855
804 6872
805 6889
806 6905
807 6922
808 6938
809 6955
810 6972
811 6988
812 7005
813 7022
814 7039
815 7056
816 7072
817 7089
818 7106
819 7123
820 7140
821 7157
822 7174
823 7191
824 7208
825 7225
826 7242
827 7259
828 7276
829 7293
830 7310
831 7327
832 7344
833 7361
834 7378
835 7396
836 7413
837 7430
838 7447
839 7464
840 7482
841 7499
842 7516
843 7534
844 7551
845 7569
846 7586
847 7603
848 7621
849 7638
850 7656
851 7673
852 7691
853 7708
854 7726
855 7744
856 7761
857 7779
858 7796
859 7814
860 7832
861 7849
862 7867
863 7885
864 7903
865 7921
866 7938
867 7956
868 7974
869 7992
870 8010
871 8028
872 8046
873 8064
874 8082
875 8100
876 8118
877 8136
878 8154
879 8172
880 8190
881 8208
882 8226
883 8244
884 8262
885 8281
886 8299
887 8317
888 8335
889 8353
890 8372
891 8390
892 8408
893 8427
894 8445
895 8464
896 8482
897 8500
898 8519
899 8537
900 8556
901 8574
902 8593
903 8611
904 8630
905 8649
906 8667
907 8686
908 8704
909 8723
910 8742
911 8760
912 8779
913 8798
914 8817
915 8836
916 8854
917 8873
918 8892
919 8911
920 8930
921 8949
922 8968
923 8987
924 9006
925 9025
926 9044
927 9063
928 9082
929 9101
930 9120
931 9139
932 9158
933 9177
934 9196
935 9216
936 9235
937 9254
938 9273
939 9292
940 9312
941 9331
942 9350
943 9370
944 9389
945 9409
946 9428
947 9447
948 9467
949 9486
950 9506
951 9525
952 9545
953 9564
954 9584
955 9604
956 9623
957 9643
958 9662
959 9682
960 9702
961 9721
962 9741
963 9761
964 9781
965 9801
966 9820
967 9840
968 9860
969 9880
970 9900
971 9920
972 9940
973 9960
974 9980
975 0
976 20
977 40
978 60
979 80
980 100
981 120
982 140
983 160
984 180
985 201
986 221
987 241
988 261
989 281
990 302
991 322
992 342
993 363
994 383
995 404
996 424
997 444
998 465
999 485
1000 506
1001 526
1002 547
1003 567
1004 588
1005 609
1006 629
1007 650
1008 670
1009 691
1010 712
1011 732
1012 753
1013 774
1014 795
1015 816
1016 836
1017 857
1018 878
1019 899
1020 920
1021 941
1022 962
1023 983
1024 1004
1025 1025
1026 1046
1027 1067
1028 1088
1029 1109
1030 1130
1031 1151
1032 1172
1033 1193
1034 1214
1035 1236
1036 1257
1037 1278
1038 1299
1039 1320
1040 1342
1041 1363
1042 1384
1043 1406
1044 1427
1045 1449
1046 1470
1047 1491
1048 1513
1049 1534
1050 1556
1051 1577
1052 1599
1053 1620
1054 1642
1055 1664
1056 1685
1057 1707
1058 1728
1059 1750
1060 1772
1061 1793
1062 1815
1063 1837
1064 1859
1065 1881
1066 1902
1067 1924
1068 1946
1069 1968
1070 1990
1071 2012
1072 2034
1073 2056
1074 2078
1075 2100
1076 2122
1077 2144
1078 2166
1079 2188
1080 2210
1081 2232
1082 2254
1083 2276
1084 2298
1085 2321
1086 2343
1087 2365
1088 2387
1089 2409
1090 2432
1091 2454
1092 2476
1093 2499
1094 2521
1095 2544
1096 2566
1097 2588
1098 2611
1099 2633
1100 2656
1101 2678
1102 2701
1103 2723
1104 2746
1105 2769
1106 2791
1107 2814
1108 2836
1109 2859
1110 2882
1111 2904
1112 2927
1113 2950
1114 2973
1115 2996
1116 3018
1117 3041
1118 3064
1119 3087
1120 3110
1121 3133
1122 3156
1123 3179
1124 3202
1125 3225
1126 3248
1127 3271
1128 3294
1129 3317
1130 3340
1131 3363
1132 3386
1133 3409
1134 3432
1135 3456
1136 3479
1137 3502
1138 3525
1139 3548
1140 3572
1141 3595
1142 3618
1143 3642
1144 3665
1145 3689
1146 3712
1147 3735
1148 3759
1149 3782
1150 3806
1151 3829
1152 3853
1153 3876
1154 3900
1155 3924
1156 3947
1157 3971
1158 3994
1159 4018
1160 4042
1161 4065
1162 4089
1163 4113
1164 4137
1165 4161
1166 4184
1167 4208
1168 4232
1169 4256
1170 4280
1171 4304
1172 4328
1173 4352
1174 4376
1175 4400
1176 4424
1177 4448
1178 4472
1179 4496
1180 4520
1181 4544
1182 4568
1183 4592
1184 4616
1185 4641
1186 4665
1187 4689
1188 4713
1189 4737
1190 4762
1191 4786
1192 4810
1193 4835
1194 4859
1195 4884
1196 4908
1197 4932
1198 4957
1199 4981
1200 5006
1201 5030
1202 5055
1203 5079
1204 5104
1205 5129
1206 5153
1207 5178
1208 5202
1209 5227
1210 5252
1211 5276
1212 5301
1213 5326
1214 5351
1215 5376
1216 5400
1217 5425
1218 5450
1219 5475
1220 5500
1221 5525
1222 5550
1223 5575
1224 5600
1225 5625
1226 5650
1227 5675
1228 5700
1229 5725
1230 5750
1231 5775
1232 5800
1233 5825
1234 5850
1235 5876
1236 5901
1237 5926
1238 5951
1239 5976
1240 6002
1241 6027
1242 6052
1243 6078
1244 6103
1245 6129
1246 6154
1247 6179
1248 6205
1249 6230
1250 6256
1251 6281
1252 6307
1253 6332
1254 6358
1255 6384
1256 6409
1257 6435
1258 6460
1259 6486
1260 6512
1261 6537
1262 6563
1263 6589
1264 6615
1265 6641
1266 6666
1267 6692
1268 6718
1269 6744
1270 6770
1271 6796
1272 6822
1273 6848
1274 6874
1275 6900
1276 6926
1277 6952
1278 6978
1279 7004
1280 7030
1281 7056
1282 7082
1283 7108
1284 7134
1285 7161
1286 7187
1287 7213
1288 7239
1289 7265
1290 7292
1291 7318
1292 7344
1293 7371
1294 7397
1295 7424
1296 7450
1297 7476
1298 7503
1299 7529
1300 7556
1301 7582
1302 7609
1303 7635
1304 7662
1305 7689
1306 7715
1307 7742
1308 7768
1309 7795
1310 7822
1311 7848
1312 7875
1313 7902
1314 7929
1315 7956
1316 7982
1317 8009
1318 8036
1319 8063
1320 8090
1321 8117
1322 8144
1323 8171
1324 8198
1325 8225
1326 8252
1327 8279
1328 8306
1329 8333
1330 8360
1331 8387
1332 8414
1333 8441
1334 8468
1335 8496
1336 8523
1337 8550
1338 8577
1339 8604
1340 8632
1341 8659
1342 8686
1343 8714
1344 8741
1345 8769
1346 8796
1347 8823
1348 8851
1349 8878
1350 8906
1351 8933
1352 8961
1353 8988
1354 9016
1355 9044
1356 9071
1357 9099
1358 9126
1359 9154
1360 9182
1361 9209
1362 9237
1363 9265
1364 9293
1365 9321
1366 9348
1367 9376
1368 9404
1369 9432
1370 9460
1371 9488
1372 9516
1373 9544
1374 9572
1375 9600
1376 9628
1377 9656
1378 9684
1379 9712
1380 9740
1381 9768
1382 9796
1383 9824
1384 9852
1385 9881
1386 9909
1387 9937
1388 9965
1389 9993
1390 22
1391 50
1392 78
1393 107
1394 135
1395 164
1396 192
1397 220
1398 249
1399 277
1400 306
1401 334
1402 363
1403 391
1404 420
1405 449
1406 477
1407 506
1408 534
1409 563
1410 592
1411 620
1412 649
1413 678
1414 707
1415 736
1416 764
1417 793
1418 822
1419 851
1420 880
1421 909
1422 938
1423 967
1424 996
1425 1025
1426 1054
1427 1083
1428 1112
1429 1141
1430 1170
1431 1199
1432 1228
1433 1257
1434 1286
1435 1316
1436 1345
1437 1374
1438 1403
1439 1432
1440 1462
1441 1491
1442 1520
1443 1550
1444 1579
1445 1609
1446 1638
1447 1667
1448 1697
1449 1726
1450 1756
1451 1785
1452 1815
1453 1844
1454 1874
1455 1904
1456 1933
1457 1963
1458 1992
1459 2022
1460 2052
1461 2081
1462 2111
1463 2141
1464 2171
1465 2201
1466 2230
1467 2260
1468 2290
1469 2320
1470 2350
1471 2380
1472 2410
1473 2440
1474 2470
1475 2500
1476 2530
1477 2560
1478 2590
1479 2620
1480 2650
1481 2680
1482 2710
1483 2740
1484 2770
1485 2801
1486 2831
1487 2861
1488 2891
1489 2921
1490 2952
1491 2982
1492 3012
1493 3043
1494 3073
1495 3104
1496 3134
1497 3164
1498 3195
1499 3225
1500 3256
1501 3286
1502 3317
1503 3347
1504 3378
1505 3409
1506 3439
1507 3470
1508 3500
1509 3531
1510 3562
1511 3592
1512 3623
1513 3654
1514 3685
1515 3716
1516 3746
1517 3777
1518 3808
1519 3839
1520 3870
1521 3901
1522 3932
1523 3963
1524 3994
1525 4025
1526 4056
1527 4087
1528 4118
1529 4149
1530 4180
1531 4211
1532 4242
1533 4273
1534 4304
1535 4336
1536 4367
1537 4398
1538 4429
1539 4460
1540 4492
1541 4523
1542 4554
1543 4586
1544 4617
1545 4649
1546 4680
1547 4711
1548 4743
1549 4774
1550 4806
1551 4837
1552 4869
1553 4900
1554 4932
1555 4964
1556 4995
1557 5027
1558 5058
1559 5090
1560 5122
1561 5153
1562 5185
1563 5217
1564 5249
1565 5281
1566 5312
1567 5344
1568 5376
1569 5408
1570 5440
1571 5472
1572 5504
1573 5536
1574 5568
1575 5600
1576 5632
1577 5664
1578 5696
1579 5728
1580 5760
1581 5792
1582 5824
1583 5856
1584 5888
1585 5921
1586 5953
1587 5985
1588 6017
1589 6049
1590 6082
1591 6114
1592 6146
1593 6179
1594 6211
1595 6244
1596 6276
1597 6308
1598 6341
1599 6373
1600 6406
1601 6438
1602 6471
1603 6503
1604 6536
1605 6569
1606 6601
1607 6634
1608 6666
1609 6699
1610 6732
1611 6764
1612 6797
1613 6830
1614 6863
1615 6896
1616 6928
1617 6961
1618 6994
1619 7027
1620 7060
1621 7093
1622 7126
1623 7159
1624 7192
1625 7225
1626 7258
1627 7291
1628 7324
1629 7357
1630 7390
1631 7423
1632 7456
1633 7489
1634 7522
1635 7556
1636 7589
1637 7622
1638 7655
1639 7688
1640 7722
1641 7755
1642 7788
1643 7822
1644 7855
1645 7889
1646 7922
1647 7955
1648 7989
1649 8022
1650 8056
1651 8089
1652 8123
1653 8156
1654 8190
1655 8224
1656 8257
1657 8291
1658 8324
1659 8358
1660 8392
1661 8425
1662 8459
1663 8493
1664 8527
1665 8561
1666 8594
1667 8628
1668 8662
1669 8696
1670 8730
1671 8764
1672 8798
1673 8832
1674 8866
1675 8900
1676 8934
1677 8968
1678 9002
1679 9036
1680 9070
1681 9104
1682 9138
1683 9172
1684 9206
1685 9241
1686 9275
1687 9309
1688 9343
1689 9377
1690 9412
1691 9446
1692 9480
1693 9515
1694 9549
1695 9584
1696 9618
1697 9652
1698 9687
1699 9721
1700 9756
1701 9790
1702 9825
1703 9859
1704 9894
1705 9929
1706 9963
1707 9998
1708 32
1709 67
1710 102
1711 136
1712 171
1713 206
1714 241
1715 276
1716 310
1717 345
1718 380
1719 415
1720 450
1721 485
1722 520
1723 555
1724 590
1725 625
1726 660
1727 695
1728 730
1729 765
1730 800
1731 835
1732 870
1733 905
1734 940
1735 976
1736 1011
1737 1046
1738 1081
1739 1116
1740 1152
1741 1187
1742 1222
1743 1258
1744 1293
1745 1329
1746 1364
1747 1399
1748 1435
1749 1470
1750 1506
1751 1541
1752 1577
1753 1612
1754 1648
1755 1684
1756 1719
1757 1755
1758 1790
1759 1826
1760 1862
1761 1897
1762 1933
1763 1969
1764 2005
1765 2041
1766 2076
1767 2112
1768 2148
1769 2184
1770 2220
1771 2256
1772 2292
1773 2328
1774 2364
1775 2400
1776 2436
1777 2472
1778 2508
1779 2544
1780 2580
1781 2616
1782 2652
1783 2688
1784 2724
1785 2761
1786 2797
1787 2833
1788 2869
1789 2905
1790 2942
1791 2978
1792 3014
1793 3051
1794 3087
1795 3124
1796 3160
1797 3196
1798 3233
1799 3269
1800 3306
1801 3342
1802 3379
1803 3415
1804 3452
1805 3489
1806 3525
1807 3562
1808 3598
1809 3635
1810 3672
1811 3708
1812 3745
1813 3782
1814 3819
1815 3856
1816 3892
1817 3929
1818 3966
1819 4003
1820 4040
1821 4077
1822 4114
1823 4151
1824 4188
1825 4225
1826 4262
1827 4299
1828 4336
1829 4373
1830 4410
1831 4447
1832 4484
1833 4521
1834 4558
1835 4596
1836 4633
1837 4670
1838 4707
1839 4744
1840 4782
1841 4819
1842 4856
1843 4894
1844 4931
1845 4969
1846 5006
1847 5043
1848 5081
1849 5118
1850 5156
1851 5193
1852 5231
1853 5268
1854 5306
1855 5344
1856 5381
1857 5419
1858 5456
1859 5494
1860 5532
1861 5569
1862 5607
1863 5645
1864 5683
1865 5721
1866 5758
1867 5796
1868 5834
1869 5872
1870 5910
1871 5948
1872 5986
1873 6024
1874 6062
1875 6100
1876 6138
1877 6176
1878 6214
1879 6252
1880 6290
1881 6328
1882 6366
1883 6404
1884 6442
1885 6481
1886 6519
1887 6557
1888 6595
1889 6633
1890 6672
1891 6710
1892 6748
1893 6787
1894 6825
1895 6864
1896 6902
1897 6940
1898 6979
1899 7017
1900 7056
1901 7094
1902 7133
1903 7171
1904 7210
1905 7249
1906 7287
1907 7326
1908 7364
1909 7403
1910 7442
1911 7480
1912 7519
1913 7558
1914 7597
1915 7636
1916 7674
1917 7713
1918 7752
1919 7791
1920 7830
1921 7869
1922 7908
1923 7947
1924 7986
1925 8025
1926 8064
1927 8103
1928 8142
1929 8181
1930 8220
1931 8259
1932 8298
1933 8337
1934 8376
1935 8416
1936 8455
1937 8494
1938 8533
1939 8572
1940 8612
1941 8651
1942 8690
1943 8730
1944 8769
1945 8809
1946 8848
1947 8887
1948 8927
1949 8966
1950 9006
1951 9045
1952 9085
1953 9124
1954 9164
1955 9204
1956 9243
1957 9283
1958 9322
1959 9362
1960 9402
1961 9441
1962 9481
1963 9521
1964 9561
1965 9601
1966 9640
1967 9680
1968 9720
1969 9760
1970 9800
1971 9840
1972 9880
1973 9920
1974 9960
1975 0
1976 40
1977 80
1978 120
1979 160
1980 200
1981 240
1982 280
1983 320
1984 360
1985 401
1986 441
1987 481
1988 521
1989 561
1990 602
1991 642
1992 682
1993 723
1994 763
1995 804
1996 844
1997 884
1998 925
1999 965
2000 1006
2001 1046
2002 1087
2003 1127
2004 1168
2005 1209
2006 1249
2007 1290
2008 1330
2009 1371
2010 1412
2011 1452
2012 1493
2013 1534
2014 1575
2015 1616
2016 1656
2017 1697
2018 1738
2019 1779
2020 1820
2021 1861
2022 1902
2023 1943
2024 1984
2025 2025
2026 2066
2027 2107
2028 2148
2029 2189
2030 2230
2031 2271
2032 2312
2033 2353
2034 2394
2035 2436
2036 2477
2037 2518
2038 2559
2039 2600
2040 2642
2041 2683
2042 2724
2043 2766
2044 2807
2045 2849
2046 2890
2047 2931
2048 2973
2049 3014
2050 3056
2051 3097
2052 3139
2053 3180
2054 3222
2055 3264
2056 3305
2057 3347
2058 3388
2059 3430
2060 3472
2061 3513
2062 3555
2063 3597
2064 3639
2065 3681
2066 3722
2067 3764
2068 3806
2069 3848
2070 3890
2071 3932
2072 3974
2073 4016
2074 4058
2075 4100
2076 4142
2077 4184
2078 4226
2079 4268
2080 4310
2081 4352
2082 4394
2083 4436
2084 4478
2085 4521
2086 4563
2087 4605
2088 4647
2089 4689
2090 4732
2091 4774
2092 4816
2093 4859
2094 4901
2095 4944
2096 4986
2097 5028
2098 5071
2099 5113
2100 5156
2101 5198
2102 5241
2103 5283
2104 5326
2105 5369
2106 5411
2107 5454
2108 5496
2109 5539
2110 5582
2111 5624
2112 5667
2113 5710
2114 5753
2115 5796
2116 5838
2117 5881
2118 5924
2119 5967
2120 6010
2121 6053
2122 6096
2123 6139
2124 6182
2125 6225
2126 6268
2127 6311
2128 6354
2129 6397
2130 6440
2131 6483
2132 6526
2133 6569
2134 6612
2135 6656
2136 6699
2137 6742
2138 6785
2139 6828
2140 6872
2141 6915
2142 6958
2143 7002
2144 7045
2145 7089
2146 7132
2147 7175
2148 7219
2149 7262
2150 7306
2151 7349
2152 7393
2153 7436
2154 7480
2155 7524
2156 7567
2157 7611
2158 7654
2159 7698
2160 7742
2161 7785
2162 7829
2163 7873
2164 7917
2165 7961
2166 8004
2167 8048
2168 8092
2169 8136
2170 8180
2171 8224
2172 8268
2173 8312
2174 8356
2175 8400
2176 8444
2177 8488
2178 8532
2179 8576
2180 8620
2181 8664
2182 8708
2183 8752
2184 8796
2185 8841
2186 8885
2187 8929
2188 8973
2189 9017
2190 9062
2191 9106
2192 9150
2193 9195
2194 9239
2195 9284
2196 9328
2197 9372
2198 9417
2199 9461
2200 9506
2201 9550
2202 9595
2203 9639
2204 9684
2205 9729
2206 9773
2207 9818
2208 9862
2209 9907
2210 9952
2211 9996
2212 41
2213 86
2214 131
2215 176
2216 220
2217 265
2218 310
2219 355
2220 400
2221 445
2222 490
2223 535
2224 580
2225 625
2226 670
2227 715
2228 760
2229 805
2230 850
2231 895
2232 940
2233 985
2234 1030
2235 1076
2236 1121
2237 1166
2238 1211
2239 1256
2240 1302
2241 1347
2242 1392
2243 1438
2244 1483
2245 1529
2246 1574
2247 1619
2248 1665
2249 1710
2250 1756
2251 1801
2252 1847
2253 1892
2254 1938
2255 1984
2256 2029
2257 2075
2258 2120
2259 2166
2260 2212
2261 2257
2262 2303
2263 2349
2264 2395
2265 2441
2266 2486
2267 2532
2268 2578
2269 2624
2270 2670
2271 2716
2272 2762
2273 2808
2274 2854
2275 2900
2276 2946
2277 2992
2278 3038
2279 3084
2280 3130
2281 3176
2282 3222
2283 3268
2284 3314
2285 3361
2286 3407
2287 3453
2288 3499
2289 3545
2290 3592
2291 3638
2292 3684
2293 3731
2294 3777
2295 3824
2296 3870
2297 3916
2298 3963
2299 4009
2300 4056
2301 4102
2302 4149
2303 4195
2304 4242
2305 4289
2306 4335
2307 4382
2308 4428
2309 4475
2310 4522
2311 4568
2312 4615
2313 4662
2314 4709
2315 4756
2316 4802
2317 4849
2318 4896
2319 4943
2320 4990
2321 5037
2322 5084
2323 5131
2324 5178
2325 5225
2326 5272
2327 5319
2328 5366
2329 5413
2330 5460
2331 5507
2332 5554
2333 5601
2334 5648
2335 5696
2336 5743
2337 5790
2338 5837
2339 5884
2340 5932
2341 5979
2342 6026
2343 6074
2344 6121
2345 6169
2346 6216
2347 6263
2348 6311
2349 6358
2350 6406
2351 6453
2352 6501
2353 6548
2354 6596
2355 6644
2356 6691
2357 6739
2358 6786
2359 6834
2360 6882
2361 6929
2362 6977
2363 7025
2364 7073
2365 7121
2366 7168
2367 7216
2368 7264
2369 7312
2370 7360
2371 7408
2372 7456
2373 7504
2374 7552
2375 7600
2376 7648
2377 7696
2378 7744
2379 7792
2380 7840
2381 7888
2382 7936
2383 7984
2384 8032
2385 8081
2386 8129
2387 8177
2388 8225
2389 8273
2390 8322
2391 8370
2392 8418
2393 8467
2394 8515
2395 8564
2396 8612
2397 8660
2398 8709
2399 8757
2400 8806
2401 8854
2402 8903
2403 8951
2404 9000
2405 9049
2406 9097
2407 9146
2408 9194
2409 9243
2410 9292
2411 9340
2412 9389
2413 9438
2414 9487
2415 9536
2416 9584
2417 9633
2418 9682
2419 9731
2420 9780
2421 9829
2422 9878
2423 9927
2424 9976
2425 25
2426 74
2427 123
2428 172
2429 221
2430 270
2431 319
2432 368
2433 417
2434 466
2435 516
2436 565
2437 614
2438 663
2439 712
2440 762
2441 811
2442 860
2443 910
2444 959
2445 1009
2446 1058
2447 1107
2448 1157
2449 1206
2450 1256
2451 1305
2452 1355
2453 1404
2454 1454
2455 1504
2456 1553
2457 1603
2458 1652
2459 1702
2460 1752
2461 1801
2462 1851
2463 1901
2464 1951
2465 2001
2466 2050
2467 2100
2468 2150
2469 2200
2470 2250
2471 2300
2472 2350
2473 2400
2474 2450
2475 2500
2476 2550
2477 2600
2478 2650
2479 2700
2480 2750
2481 2800
2482 2850
2483 2900
2484 2950
2485 3001
2486 3051
2487 3101
2488 3151
2489 3201
2490 3252
2491 3302
2492 3352
2493 3403
2494 3453
2495 3504
2496 3554
2497 3604
2498 3655
2499 3705
2500 3756
2501 3806
2502 3857
2503 3907
2504 3958
2505 4009
2506 4059
2507 4110
2508 4160
2509 4211
2510 4262
2511 4312
2512 4363
2513 4414
2514 4465
2515 4516
2516 4566
2517 4617
2518 4668
2519 4719
2520 4770
2521 4821
2522 4872
2523 4923
2524 4974
2525 5025
2526 5076
2527 5127
2528 5178
2529 5229
2530 5280
2531 5331
2532 5382
2533 5433
2534 5484
2535 5536
2536 5587
2537 5638
2538 5689
2539 5740
2540 5792
2541 5843
2542 5894
2543 5946
2544 5997
2545 6049
2546 6100
2547 6151
2548 6203
2549 6254
2550 6306
2551 6357
2552 6409
2553 6460
2554 6512
2555 6564
2556 6615
2557 6667
2558 6718
2559 6770
2560 6822
2561 6873
2562 6925
2563 6977
2564 7029
2565 7081
2566 7132
2567 7184
2568 7236
2569 7288
2570 7340
2571 7392
2572 7444
2573 7496
2574 7548
2575 7600
2576 7652
2577 7704
2578 7756
2579 7808
2580 7860
2581 7912
2582 7964
2583 8016
2584 8068
2585 8121
2586 8173
2587 8225
2588 8277
2589 8329
2590 8382
2591 8434
2592 8486
2593 8539
2594 8591
2595 8644
2596 8696
2597 8748
2598 8801
2599 8853
2600 8906
2601 8958
2602 9011
2603 9063
2604 9116
2605 9169
2606 9221
2607 9274
2608 9326
2609 9379
2610 9432
2611 9484
2612 9537
2613 9590
2614 9643
2615 9696
2616 9748
2617 9801
2618 9854
2619 9907
2620 9960
2621 13
2622 66
2623 119
2624 172
2625 225
2626 278
2627 331
2628 384
2629 437
2630 490
2631 543
2632 596
2633 649
2634 702
2635 756
2636 809
2637 862
2638 915
2639 968
2640 1022
2641 1075
2642 1128
2643 1182
2644 1235
2645 1289
2646 1342
2647 1395
2648 1449
2649 1502
2650 1556
2651 1609
2652 1663
2653 1716
2654 1770
2655 1824
2656 1877
2657 1931
2658 1984
2659 2038
2660 2092
2661 2145
2662 2199
2663 2253
2664 2307
2665 2361
2666 2414
2667 2468
2668 2522
2669 2576
2670 2630
2671 2684
2672 2738
2673 2792
2674 2846
2675 2900
2676 2954
2677 3008
2678 3062
2679 3116
2680 3170
2681 3224
2682 3278
2683 3332
2684 3386
2685 3441
2686 3495
2687 3549
2688 3603
2689 3657
2690 3712
2691 3766
2692 3820
2693 3875
2694 3929
2695 3984
2696 4038
2697 4092
2698 4147
2699 4201
2700 4256
2701 4310
2702 4365
2703 4419
2704 4474
2705 4529
2706 4583
2707 4638
2708 4692
2709 4747
2710 4802
2711 4856
2712 4911
2713 4966
2714 5021
2715 5076
2716 5130
2717 5185
2718 5240
2719 5295
2720 5350
2721 5405
2722 5460
2723 5515
2724 5570
2725 5625
2726 5680
2727 5735
2728 5790
2729 5845
2730 5900
2731 5955
2732 6010
2733 6065
2734 6120
2735 6176
2736 6231
2737 6286
2738 6341
2739 6396
2740 6452
2741 6507
2742 6562
2743 6618
2744 6673
2745 6729
2746 6784
2747 6839
2748 6895
2749 6950
2750 7006
2751 7061
2752 7117
2753 7172
2754 7228
2755 7284
2756 7339
2757 7395
2758 7450
2759 7506
2760 7562
2761 7617
2762 7673
2763 7729
2764 7785
2765 7841
2766 7896
2767 7952
2768 8008
2769 8064
2770 8120
2771 8176
2772 8232
2773 8288
2774 8344
2775 8400
2776 8456
2777 8512
2778 8568
2779 8624
2780 8680
2781 8736
2782 8792
2783 8848
2784 8904
2785 8961
2786 9017
2787 9073
2788 9129
2789 9185
2790 9242
2791 9298
2792 9354
2793 9411
2794 9467
2795 9524
2796 9580
2797 9636
2798 9693
2799 9749
2800 9806
2801 9862
2802 9919
2803 9975
2804 32
2805 89
2806 145
2807 202
2808 258
2809 315
2810 372
2811 428
2812 485
2813 542
2814 599
2815 656
2816 712
2817 769
2818 826
2819 883
2820 940
2821 997
2822 1054
2823 1111
2824 1168
2825 1225
2826 1282
2827 1339
2828 1396
2829 1453
2830 1510
2831 1567
2832 1624
2833 1681
2834 1738
2835 1796
2836 1853
2837 1910
2838 1967
2839 2024
2840 2082
2841 2139
2842 2196
2843 2254
2844 2311
2845 2369
2846 2426
2847 2483
2848 2541
2849 2598
2850 2656
2851 2713
2852 2771
2853 2828
2854 2886
2855 2944
2856 3001
2857 3059
2858 3116
2859 3174
2860 3232
2861 3289
2862 3347
2863 3405
2864 3463
2865 3521
2866 3578
2867 3636
2868 3694
2869 3752
2870 3810
2871 3868
2872 3926
2873 3984
2874 4042
2875 4100
2876 4158
2877 4216
2878 4274
2879 4332
2880 4390
2881 4448
2882 4506
2883 4564
2884 4622
2885 4681
2886 4739
2887 4797
2888 4855
2889 4913
2890 4972
2891 5030
2892 5088
2893 5147
2894 5205
2895 5264
2896 5322
2897 5380
2898 5439
2899 5497
2900 5556
2901 5614
2902 5673
2903 5731
2904 5790
2905 5849
2906 5907
2907 5966
2908 6024
2909 6083
2910 6142
2911 6200
2912 6259
2913 6318
2914 6377
2915 6436
2916 6494
2917 6553
2918 6612
2919 6671
2920 6730
2921 6789
2922 6848
2923 6907
2924 6966
2925 7025
2926 7084
2927 7143
2928 7202
2929 7261
2930 7320
2931 7379
2932 7438
2933 7497
2934 7556
2935 7616
2936 7675
2937 7734
2938 7793
2939 7852
2940 7912
2941 7971
2942 8030
2943 8090
2944 8149
2945 8209
2946 8268
2947 8327
2948 8387
2949 8446
2950 8506
2951 8565
2952 8625
2953 8684
2954 8744
2955 8804
2956 8863
2957 8923
2958 8982
2959 9042
2960 9102
2961 9161
2962 9221
2963 9281
2964 9341
2965 9401
2966 9460
2967 9520
2968 9580
2969 9640
2970 9700
2971 9760
2972 9820
2973 9880
2974 9940
2975 0
2976 60
2977 120
2978 180
2979 240
2980 300
2981 360
2982 420
2983 480
2984 540
2985 601
2986 661
2987 721
2988 781
2989 841
2990 902
2991 962
2992 1022
2993 1083
2994 1143
2995 1204
2996 1264
2997 1324
2998 1385
2999 1445
3000 1506
3001 1566
3002 1627
3003 1687
3004 1748
3005 1809
3006 1869
3007 1930
3008 1990
3009 2051
3010 2112
3011 2172
3012 2233
3013 2294
3014 2355
3015 2416
3016 2476
3017 2537
3018 2598
3019 2659
3020 2720
3021 2781
3022 2842
3023 2903
3024 2964
3025 3025
3026 3086
3027 3147
3028 3208
3029 3269
3030 3330
3031 3391
3032 3452
3033 3513
3034 3574
3035 3636
3036 3697
3037 3758
3038 3819
3039 3880
3040 3942
3041 4003
3042 4064
3043 4126
3044 4187
3045 4249
3046 4310
3047 4371
3048 4433
3049 4494
3050 4556
3051 4617
3052 4679
3053 4740
3054 4802
3055 4864
3056 4925
3057 4987
3058 5048
3059 5110
3060 5172
3061 5233
3062 5295
3063 5357
3064 5419
3065 5481
3066 5542
3067 5604
3068 5666
3069 5728
3070 5790
3071 5852
3072 5914
3073 5976
3074 6038
3075 6100
3076 6162
3077 6224
3078 6286
3079 6348
3080 6410
3081 6472
3082 6534
3083 6596
3084 6658
3085 6721
3086 6783
3087 6845
3088 6907
3089 6969
3090 7032
3091 7094
3092 7156
3093 7219
3094 7281
3095 7344
3096 7406
3097 7468
3098 7531
3099 7593
3100 7656
3101 7718
3102 7781
3103 7843
3104 7906
3105 7969
3106 8031
3107 8094
3108 8156
3109 8219
3110 8282
3111 8344
3112 8407
3113 8470
3114 8533
3115 8596
3116 8658
3117 8721
3118 8784
3119 8847
3120 8910
3121 8973
3122 9036
3123 9099
3124 9162
3125 9225
3126 9288
3127 9351
3128 9414
3129 9477
3130 9540
3131 9603
3132 9666
3133 9729
3134 9792
3135 9856
3136 9919
3137 9982
3138 45
3139 108
3140 172
3141 235
3142 298
3143 362
3144 425
3145 489
3146 552
3147 615
3148 679
3149 742
3150 806
3151 869
3152 933
3153 996
3154 1060
3155 1124
3156 1187
3157 1251
3158 1314
3159 1378
3160 1442
3161 1505
3162 1569
3163 1633
3164 1697
3165 1761
3166 1824
3167 1888
3168 1952
3169 2016
3170 2080
3171 2144
3172 2208
3173 2272
3174 2336
3175 2400
3176 2464
3177 2528
3178 2592
3179 2656
3180 2720
3181 2784
3182 2848
3183 2912
3184 2976
3185 3041
3186 3105
3187 3169
3188 3233
3189 3297
3190 3362
3191 3426
3192 3490
3193 3555
3194 3619
3195 3684
3196 3748
3197 3812
3198 3877
3199 3941
3200 4006
3201 4070
3202 4135
3203 4199
3204 4264
3205 4329
3206 4393
3207 4458
3208 4522
3209 4587
3210 4652
3211 4716
3212 4781
3213 4846
3214 4911
3215 4976
3216 5040
3217 5105
3218 5170
3219 5235
3220 5300
3221 5365
3222 5430
3223 5495
3224 5560
3225 5625
3226 5690
3227 5755
3228 5820
3229 5885
3230 5950
3231 6015
3232 6080
3233 6145
3234 6210
3235 6276
3236 6341
3237 6406
3238 6471
3239 6536
3240 6602
3241 6667
3242 6732
3243 6798
3244 6863
3245 6929
3246 6994
3247 7059
3248 7125
3249 7190
3250 7256
3251 7321
3252 7387
3253 7452
3254 7518
3255 7584
3256 7649
3257 7715
3258 7780
3259 7846
3260 7912
3261 7977
3262 8043
3263 8109
3264 8175
3265 8241
3266 8306
3267 8372
3268 8438
3269 8504
3270 8570
3271 8636
3272 8702
3273 8768
3274 8834
3275 8900
3276 8966
3277 9032
3278 9098
3279 9164
3280 9230
3281 9296
3282 9362
3283 9428
3284 9494
3285 9561
3286 9627
3287 9693
3288 9759
3289 9825
3290 9892
3291 9958
3292 24
3293 91
3294 157
3295 224
3296 290
3297 356
3298 423
3299 489
3300 556
3301 622
3302 689
3303 755
3304 822
3305 889
3306 955
3307 1022
3308 1088
3309 1155
3310 1222
3311 1288
3312 1355
3313 1422
3314 1489
3315 1556
3316 1622
3317 1689
3318 1756
3319 1823
3320 1890
3321 1957
3322 2024
3323 2091
3324 2158
3325 2225
3326 2292
3327 2359
3328 2426
3329 2493
3330 2560
3331 2627
3332 2694
3333 2761
3334 2828
3335 2896
3336 2963
3337 3030
3338 3097
3339 3164
3340 3232
3341 3299
3342 3366
3343 3434
3344 3501
3345 3569
3346 3636
3347 3703
3348 3771
3349 3838
3350 3906
3351 3973
3352 4041
3353 4108
3354 4176
3355 4244
3356 4311
3357 4379
3358 4446
3359 4514
3360 4582
3361 4649
3362 4717
3363 4785
3364 4853
3365 4921
3366 4988
3367 5056
3368 5124
3369 5192
3370 5260
3371 5328
3372 5396
3373 5464
3374 5532
3375 5600
3376 5668
3377 5736
3378 5804
3379 5872
3380 5940
3381 6008
3382 6076
3383 6144
3384 6212
3385 6281
3386 6349
3387 6417
3388 6485
3389 6553
3390 6622
3391 6690
3392 6758
3393 6827
3394 6895
3395 6964
3396 7032
3397 7100
3398 7169
3399 7237
3400 7306
3401 7374
3402 7443
3403 7511
3404 7580
3405 7649
3406 7717
3407 7786
3408 7854
3409 7923
3410 7992
3411 8060
3412 8129
3413 8198
3414 8267
3415 8336
3416 8404
3417 8473
3418 8542
3419 8611
3420 8680
3421 8749
3422 8818
3423 8887
3424 8956
3425 9025
3426 9094
3427 9163
3428 9232
3429 9301
3430 9370
3431 9439
3432 9508
3433 9577
3434 9646
3435 9716
3436 9785
3437 9854
3438 9923
3439 9992
3440 62
3441 131
3442 200
3443 270
3444 339
3445 409
3446 478
3447 547
3448 617
3449 686
3450 756
3451 825
3452 895
3453 964
3454 1034
3455 1104
3456 1173
3457 1243
3458 1312
3459 1382
3460 1452
3461 1521
3462 1591
3463 1661
3464 1731
3465 1801
3466 1870
3467 1940
3468 2010
3469 2080
3470 2150
3471 2220
3472 2290
3473 2360
3474 2430
3475 2500
3476 2570
3477 2640
3478 2710
3479 2780
3480 2850
3481 2920
3482 2990
3483 3060
3484 3130
3485 3201
3486 3271
3487 3341
3488 3411
3489 3481
3490 3552
3491 3622
3492 3692
3493 3763
3494 3833
3495 3904
3496 3974
3497 4044
3498 4115
3499 4185
3500 4256
3501 4326
3502 4397
3503 4467
3504 4538
3505 4609
3506 4679
3507 4750
3508 4820
3509 4891
3510 4962
3511 5032
3512 5103
3513 5174
3514 5245
3515 5316
3516 5386
3517 5457
3518 5528
3519 5599
3520 5670
3521 5741
3522 5812
3523 5883
3524 5954
3525 6025
3526 6096
3527 6167
3528 6238
3529 6309
3530 6380
3531 6451
3532 6522
3533 6593
3534 6664
3535 6736
3536 6807
3537 6878
3538 6949
3539 7020
3540 7092
3541 7163
3542 7234
3543 7306
3544 7377
3545 7449
3546 7520
3547 7591
3548 7663
3549 7734
3550 7806
3551 7877
3552 7949
3553 8020
3554 8092
3555 8164
3556 8235
3557 8307
3558 8378
3559 8450
3560 8522
3561 8593
3562 8665
3563 8737
3564 8809
3565 8881
3566 8952
3567 9024
3568 9096
3569 9168
3570 9240
3571 9312
3572 9384
3573 9456
3574 9528
3575 9600
3576 9672
3577 9744
3578 9816
3579 9888
3580 9960
3581 32
3582 104
3583 176
3584 248
3585 321
3586 393
3587 465
3588 537
3589 609
3590 682
3591 754
3592 826
3593 899
3594 971
3595 1044
3596 1116
3597 1188
3598 1261
3599 1333
3600 1406
3601 1478
3602 1551
3603 1623
3604 1696
3605 1769
3606 1841
3607 1914
3608 1986
3609 2059
3610 2132
3611 2204
3612 2277
3613 2350
3614 2423
3615 2496
3616 2568
3617 2641
3618 2714
3619 2787
3620 2860
3621 2933
3622 3006
3623 3079
3624 3152
3625 3225
3626 3298
3627 3371
3628 3444
3629 3517
3630 3590
3631 3663
3632 3736
3633 3809
3634 3882
3635 3956
3636 4029
3637 4102
3638 4175
3639 4248
3640 4322
3641 4395
3642 4468
3643 4542
3644 4615
3645 4689
3646 4762
3647 4835
3648 4909
3649 4982
3650 5056
3651 5129
3652 5203
3653 5276
3654 5350
3655 5424
3656 5497
3657 5571
3658 5644
3659 5718
3660 5792
3661 5865
3662 5939
3663 6013
3664 6087
3665 6161
3666 6234
3667 6308
3668 6382
3669 6456
3670 6530
3671 6604
3672 6678
3673 6752
3674 6826
3675 6900
3676 6974
3677 7048
3678 7122
3679 7196
3680 7270
3681 7344
3682 7418
3683 7492
3684 7566
3685 7641
3686 7715
3687 7789
3688 7863
3689 7937
3690 8012
3691 8086
3692 8160
3693 8235
3694 8309
3695 8384
3696 8458
3697 8532
3698 8607
3699 8681
3700 8756
3701 8830
3702 8905
3703 8979
3704 9054
3705 9129
3706 9203
3707 9278
3708 9352
3709 9427
3710 9502
3711 9576
3712 9651
3713 9726
3714 9801
3715 9876
3716 9950
3717 25
3718 100
3719 175
3720 250
3721 325
3722 400
3723 475
3724 550
3725 625
3726 700
3727 775
3728 850
3729 925
3730 1000
3731 1075
3732 1150
3733 1225
3734 1300
3735 1376
3736 1451
3737 1526
3738 1601
3739 1676
3740 1752
3741 1827
3742 1902
3743 1978
3744 2053
3745 2129
3746 2204
3747 2279
3748 2355
3749 2430
3750 2506
3751 2581
3752 2657
3753 2732
3754 2808
3755 2884
3756 2959
3757 3035
3758 3110
3759 3186
3760 3262
3761 3337
3762 3413
3763 3489
3764 3565
3765 3641
3766 3716
3767 3792
3768 3868
3769 3944
3770 4020
3771 4096
3772 4172
3773 4248
3774 4324
3775 4400
3776 4476
3777 4552
3778 4628
3779 4704
3780 4780
3781 4856
3782 4932
3783 5008
3784 5084
3785 5161
3786 5237
3787 5313
3788 5389
3789 5465
3790 5542
3791 5618
3792 5694
3793 5771
3794 5847
3795 5924
3796 6000
3797 6076
3798 6153
3799 6229
3800 6306
3801 6382
3802 6459
3803 6535
3804 6612
3805 6689
3806 6765
3807 6842
3808 6918
3809 6995
3810 7072
3811 7148
3812 7225
3813 7302
3814 7379
3815 7456
3816 7532
3817 7609
3818 7686
3819 7763
3820 7840
3821 7917
3822 7994
3823 8071
3824 8148
3825 8225
3826 8302
3827 8379
3828 8456
3829 8533
3830 8610
3831 8687
3832 8764
3833 8841
3834 8918
3835 8996
3836 9073
3837 9150
3838 9227
3839 9304
3840 9382
3841 9459
3842 9536
3843 9614
3844 9691
3845 9769
3846 9846
3847 9923
3848 1
3849 78
3850 156
3851 233
3852 311
3853 388
3854 466
3855 544
3856 621
3857 699
3858 776
3859 854
3860 932
3861 1009
3862 1087
3863 1165
3864 1243
3865 1321
3866 1398
3867 1476
3868 1554
3869 1632
3870 1710
3871 1788
3872 1866
3873 1944
3874 2022
3875 2100
3876 2178
3877 2256
3878 2334
3879 2412
3880 2490
3881 2568
3882 2646
3883 2724
3884 2802
3885 2881
3886 2959
3887 3037
3888 3115
3889 3193
3890 3272
3891 3350
3892 3428
3893 3507
3894 3585
3895 3664
3896 3742
3897 3820
3898 3899
3899 3977
3900 4056
3901 4134
3902 4213
3903 4291
3904 4370
3905 4449
3906 4527
3907 4606
3908 4684
3909 4763
3910 4842
3911 4920
3912 4999
3913 5078
3914 5157
3915 5236
3916 5314
3917 5393
3918 5472
3919 5551
3920 5630
3921 5709
3922 5788
3923 5867
3924 5946
3925 6025
3926 6104
3927 6183
3928 6262
3929 6341
3930 6420
3931 6499
3932 6578
3933 6657
3934 6736
3935 6816
3936 6895
3937 6974
3938 7053
3939 7132
3940 7212
3941 7291
3942 7370
3943 7450
3944 7529
3945 7609
3946 7688
3947 7767
3948 7847
3949 7926
3950 8006
3951 8085
3952 8165
3953 8244
3954 8324
3955 8404
3956 8483
3957 8563
3958 8642
3959 8722
3960 8802
3961 8881
3962 8961
3963 9041
3964 9121
3965 9201
3966 9280
3967 9360
3968 9440
3969 9520
3970 9600
3971 9680
3972 9760
3973 9840
3974 9920
3975 0
3976 80
3977 160
3978 240
3979 320
3980 400
3981 480
3982 560
3983 640
3984 720
3985 801
3986 881
3987 961
3988 1041
3989 1121
3990 1202
3991 1282
3992 1362
3993 1443
3994 1523
3995 1604
3996 1684
3997 1764
3998 1845
3999 1925
4000 2006
4001 2086
4002 2167
4003 2247
4004 2328
4005 2409
4006 2489
4007 2570
4008 2650
4009 2731
4010 2812
4011 2892
4012 2973
4013 3054
4014 3135
4015 3216
4016 3296
4017 3377
4018 3458
4019 3539
4020 3620
4021 3701
4022 3782
4023 3863
4024 3944
4025 4025
4026 4106
4027 4187
4028 4268
4029 4349
4030 4430
4031 4511
4032 4592
4033 4673
4034 4754
4035 4836
4036 4917
4037 4998
4038 5079
4039 5160
4040 5242
4041 5323
4042 5404
4043 5486
4044 5567
4045 5649
4046 5730
4047 5811
4048 5893
4049 5974
4050 6056
4051 6137
4052 6219
4053 6300
4054 6382
4055 6464
4056 6545
4057 6627
4058 6708
4059 6790
4060 6872
4061 6953
4062 7035
4063 7117
4064 7199
4065 7281
4066 7362
4067 7444
4068 7526
4069 7608
4070 7690
4071 7772
4072 7854
4073 7936
4074 8018
4075 8100
4076 8182
4077 8264
4078 8346
4079 8428
4080 8510
4081 8592
4082 8674
4083 8756
4084 8838
4085 8921
4086 9003
4087 9085
4088 9167
4089 9249
4090 9332
4091 9414
4092 9496
4093 9579
4094 9661
4095 9744
4096 9826
4097 9908
4098 9991
4099 73
4100 156
4101 238
4102 321
4103 403
4104 486
4105 569
4106 651
4107 734
4108 816
4109 899
4110 982
4111 1064
4112 1147
4113 1230
4114 1313
4115 1396
4116 1478
4117 1561
4118 1644
4119 1727
4120 1810
4121 1893
4122 1976
4123 2059
4124 2142
4125 2225
4126 2308
4127 2391
4128 2474
4129 2557
4130 2640
4131 2723
4132 2806
4133 2889
4134 2972
4135 3056
4136 3139
4137 3222
4138 3305
4139 3388
4140 3472
4141 3555
4142 3638
4143 3722
4144 3805
4145 3889
4146 3972
4147 4055
4148 4139
4149 4222
4150 4306
4151 4389
4152 4473
4153 4556
4154 4640
4155 4724
4156 4807
4157 4891
4158 4974
4159 5058
4160 5142
4161 5225
4162 5309
4163 5393
4164 5477
4165 5561
4166 5644
4167 5728
4168 5812
4169 5896
4170 5980
4171 6064
4172 6148
4173 6232
4174 6316
4175 6400
4176 6484
4177 6568
4178 6652
4179 6736
4180 6820
4181 6904
4182 6988
4183 7072
4184 7156
4185 7241
4186 7325
4187 7409
4188 7493
4189 7577
4190 7662
4191 7746
4192 7830
4193 7915
4194 7999
4195 8084
4196 8168
4197 8252
4198 8337
4199 8421
4200 8506
4201 8590
4202 8675
4203 8759
4204 8844
4205 8929
4206 9013
4207 9098
4208 9182
4209 9267
4210 9352
4211 9436
4212 9521
4213 9606
4214 9691
4215 9776
4216 9860
4217 9945
4218 30
4219 115
4220 200
4221 285
4222 370
4223 455
4224 540
4225 625
4226 710
4227 795
4228 880
4229 965
4230 1050
4231 1135
4232 1220
4233 1305
4234 1390
4235 1476
4236 1561
4237 1646
4238 1731
4239 1816
4240 1902
4241 1987
4242 2072
4243 2158
4244 2243
4245 2329
4246 2414
4247 2499
4248 2585
4249 2670
4250 2756
4251 2841
4252 2927
4253 3012
4254 3098
4255 3184
4256 3269
4257 3355
4258 3440
4259 3526
4260 3612
4261 3697
4262 3783
4263 3869
4264 3955
4265 4041
4266 4126
4267 4212
4268 4298
4269 4384
4270 4470
4271 4556
4272 4642
4273 4728
4274 4814
4275 4900
4276 4986
4277 5072
4278 5158
4279 5244
4280 5330
4281 5416
4282 5502
4283 5588
4284 5674
4285 5761
4286 5847
4287 5933
4288 6019
4289 6105
4290 6192
4291 6278
4292 6364
4293 6451
4294 6537
4295 6624
4296 6710
4297 6796
4298 6883
4299 6969
4300 7056
4301 7142
4302 7229
4303 7315
4304 7402
4305 7489
4306 7575
4307 7662
4308 7748
4309 7835
4310 7922
4311 8008
4312 8095
4313 8182
4314 8269
4315 8356
4316 8442
4317 8529
4318 8616
4319 8703
4320 8790
4321 8877
4322 8964
4323 9051
4324 9138
4325 9225
4326 9312
4327 9399
4328 9486
4329 9573
4330 9660
4331 9747
4332 9834
4333 9921
4334 8
4335 96
4336 183
4337 270
4338 357
4339 444
4340 532
4341 619
4342 706
4343 794
4344 881
4345 969
4346 1056
4347 1143
4348 1231
4349 1318
4350 1406
4351 1493
4352 1581
4353 1668
4354 1756
4355 1844
4356 1931
4357 2019
4358 2106
4359 2194
4360 2282
4361 2369
4362 2457
4363 2545
4364 2633
4365 2721
4366 2808
4367 2896
4368 2984
4369 3072
4370 3160
4371 3248
4372 3336
4373 3424
4374 3512
4375 3600
4376 3688
4377 3776
4378 3864
4379 3952
4380 4040
4381 4128
4382 4216
4383 4304
4384 4392
4385 4481
4386 4569
4387 4657
4388 4745
4389 4833
4390 4922
4391 5010
4392 5098
4393 5187
4394 5275
4395 5364
4396 5452
4397 5540
4398 5629
4399 5717
4400 5806
4401 5894
4402 5983
4403 6071
4404 6160
4405 6249
4406 6337
4407 6426
4408 6514
4409 6603
4410 6692
4411 6780
4412 6869
4413 6958
4414 7047
4415 7136
4416 7224
4417 7313
4418 7402
4419 7491
4420 7580
4421 7669
4422 7758
4423 7847
4424 7936
4425 8025
4426 8114
4427 8203
4428 8292
4429 8381
4430 8470
4431 8559
4432 8648
4433 8737
4434 8826
4435 8916
4436 9005
4437 9094
4438 9183
4439 9272
4440 9362
4441 9451
4442 9540
4443 9630
4444 9719
4445 9809
4446 9898
4447 9987
4448 77
4449 166
4450 256
4451 345
4452 435
4453 524
4454 614
4455 704
4456 793
4457 883
4458 972
4459 1062
4460 1152
4461 1241
4462 1331
4463 1421
4464 1511
4465 1601
4466 1690
4467 1780
4468 1870
4469 1960
4470 2050
4471 2140
4472 2230
4473 2320
4474 2410
4475 2500
4476 2590
4477 2680
4478 2770
4479 2860
4480 2950
4481 3040
4482 3130
4483 3220
4484 3310
4485 3401
4486 3491
4487 3581
4488 3671
4489 3761
4490 3852
4491 3942
4492 4032
4493 4123
4494 4213
4495 4304
4496 4394
4497 4484
4498 4575
4499 4665
4500 4756
4501 4846
4502 4937
4503 5027
4504 5118
4505 5209
4506 5299
4507 5390
4508 5480
4509 5571
4510 5662
4511 5752
4512 5843
4513 5934
4514 6025
4515 6116
4516 6206
4517 6297
4518 6388
4519 6479
4520 6570
4521 6661
4522 6752
4523 6843
4524 6934
4525 7025
4526 7116
4527 7207
4528 7298
4529 7389
4530 7480
4531 7571
4532 7662
4533 7753
4534 7844
4535 7936
4536 8027
4537 8118
4538 8209
4539 8300
4540 8392
4541 8483
4542 8574
4543 8666
4544 8757
4545 8849
4546 8940
4547 9031
4548 9123
4549 9214
4550 9306
4551 9397
4552 9489
4553 9580
4554 9672
4555 9764
4556 9855
4557 9947
4558 38
4559 130
4560 222
4561 313
4562 405
4563 497
4564 589
4565 681
4566 772
4567 864
4568 956
4569 1048
4570 1140
4571 1232
4572 1324
4573 1416
4574 1508
4575 1600
4576 1692
4577 1784
4578 1876
4579 1968
4580 2060
4581 2152
4582 2244
4583 2336
4584 2428
4585 2521
4586 2613
4587 2705
4588 2797
4589 2889
4590 2982
4591 3074
4592 3166
4593 3259
4594 3351
4595 3444
4596 3536
4597 3628
4598 3721
4599 3813
4600 3906
4601 3998
4602 4091
4603 4183
4604 4276
4605 4369
4606 4461
4607 4554
4608 4646
4609 4739
4610 4832
4611 4924
4612 5017
4613 5110
4614 5203
4615 5296
4616 5388
4617 5481
4618 5574
4619 5667
4620 5760
4621 5853
4622 5946
4623 6039
4624 6132
4625 6225
4626 6318
4627 6411
4628 6504
4629 6597
4630 6690
4631 6783
4632 6876
4633 6969
4634 7062
4635 7156
4636 7249
4637 7342
4638 7435
4639 7528
4640 7622
4641 7715
4642 7808
4643 7902
4644 7995
4645 8089
4646 8182
4647 8275
4648 8369
4649 8462
4650 8556
4651 8649
4652 8743
4653 8836
4654 8930
4655 9024
4656 9117
4657 9211
4658 9304
4659 9398
4660 9492
4661 9585
4662 9679
4663 9773
4664 9867
4665 9961
4666 54
4667 148
4668 242
4669 336
4670 430
4671 524
4672 618
4673 712
4674 806
4675 900
4676 994
4677 1088
4678 1182
4679 1276
4680 1370
4681 1464
4682 1558
4683 1652
4684 1746
4685 1841
4686 1935
4687 2029
4688 2123
4689 2217
4690 2312
4691 2406
4692 2500
4693 2595
4694 2689
4695 2784
4696 2878
4697 2972
4698 3067
4699 3161
4700 3256
4701 3350
4702 3445
4703 3539
4704 3634
4705 3729
4706 3823
4707 3918
4708 4012
4709 4107
4710 4202
4711 4296
4712 4391
4713 4486
4714 4581
4715 4676
4716 4770
4717 4865
4718 4960
4719 5055
4720 5150
4721 5245
4722 5340
4723 5435
4724 5530
4725 5625
4726 5720
4727 5815
4728 5910
4729 6005
4730 6100
4731 6195
4732 6290
4733 6385
4734 6480
4735 6576
4736 6671
4737 6766
4738 6861
4739 6956
4740 7052
4741 7147
4742 7242
4743 7338
4744 7433
4745 7529
4746 7624
4747 7719
4748 7815
4749 7910
4750 8006
4751 8101
4752 8197
4753 8292
4754 8388
4755 8484
4756 8579
4757 8675
4758 8770
4759 8866
4760 8962
4761 9057
4762 9153
4763 9249
4764 9345
4765 9441
4766 9536
4767 9632
4768 9728
4769 9824
4770 9920
4771 16
4772 112
4773 208
4774 304
4775 400
4776 496
4777 592
4778 688
4779 784
4780 880
4781 976
4782 1072
4783 1168
4784 1264
4785 1361
4786 1457
4787 1553
4788 1649
4789 1745
4790 1842
4791 1938
4792 2034
4793 2131
4794 2227
4795 2324
4796 2420
4797 2516
4798 2613
4799 2709
4800 2806
4801 2902
4802 2999
4803 3095
4804 3192
4805 3289
4806 3385
4807 3482
4808 3578
4809 3675
4810 3772
4811 3868
4812 3965
4813 4062
4814 4159
4815 4256
4816 4352
4817 4449
4818 4546
4819 4643
4820 4740
4821 4837
4822 4934
4823 5031
4824 5128
4825 5225
4826 5322
4827 5419
4828 5516
4829 5613
4830 5710
4831 5807
4832 5904
4833 6001
4834 6098
4835 6196
4836 6293
4837 6390
4838 6487
4839 6584
4840 6682
4841 6779
4842 6876
4843 6974
4844 7071
4845 7169
4846 7266
4847 7363
4848 7461
4849 7558
4850 7656
4851 7753
4852 7851
4853 7948
4854 8046
4855 8144
4856 8241
4857 8339
4858 8436
4859 8534
4860 8632
4861 8729
4862 8827
4863 8925
4864 9023
4865 9121
4866 9218
4867 9316
4868 9414
4869 9512
4870 9610
4871 9708
4872 9806
4873 9904
4874 2
4875 100
4876 198
4877 296
4878 394
4879 492
4880 590
4881 688
4882 786
4883 884
4884 982
4885 1081
4886 1179
4887 1277
4888 1375
4889 1473
4890 1572
4891 1670
4892 1768
4893 1867
4894 1965
4895 2064
4896 2162
4897 2260
4898 2359
4899 2457
4900 2556
4901 2654
4902 2753
4903 2851
4904 2950
4905 3049
4906 3147
4907 3246
4908 3344
4909 3443
4910 3542
4911 3640
4912 3739
4913 3838
4914 3937
4915 4036
4916 4134
4917 4233
4918 4332
4919 4431
4920 4530
4921 4629
4922 4728
4923 4827
4924 4926
4925 5025
4926 5124
4927 5223
4928 5322
4929 5421
4930 5520
4931 5619
4932 5718
4933 5817
4934 5916
4935 6016
4936 6115
4937 6214
4938 6313
4939 6412
4940 6512
4941 6611
4942 6710
4943 6810
4944 6909
4945 7009
4946 7108
4947 7207
4948 7307
4949 7406
4950 7506
4951 7605
4952 7705
4953 7804
4954 7904
4955 8004
4956 8103
4957 8203
4958 8302
4959 8402
4960 8502
4961 8601
4962 8701
4963 8801
4964 8901
4965 9001
4966 9100
4967 9200
4968 9300
4969 9400
4970 9500
4971 9600
4972 9700
4973 9800
4974 9900
4975 0
4976 100
4977 200
4978 300
4979 400
4980 500
4981 600
4982 700
4983 800
4984 900
4985 1001
4986 1101
4987 1201
4988 1301
4989 1401
4990 1502
4991 1602
4992 1702
4993 1803
4994 1903
4995 2004
4996 2104
4997 2204
4998 2305
4999 2405
5000 2506
5001 2606
5002 2707
5003 2807
5004 2908
5005 3009
5006 3109
5007 3210
5008 3310
5009 3411
5010 3512
5011 3612
5012 3713
5013 3814
5014 3915
5015 4016
5016 4116
5017 4217
5018 4318
5019 4419
5020 4520
5021 4621
5022 4722
5023 4823
5024 4924
5025 5025
5026 5126
5027 5227
5028 5328
5029 5429
5030 5530
5031 5631
5032 5732
5033 5833
5034 5934
5035 6036
5036 6137
5037 6238
5038 6339
5039 6440
5040 6542
5041 6643
5042 6744
5043 6846
5044 6947
5045 7049
5046 7150
5047 7251
5048 7353
5049 7454
5050 7556
5051 7657
5052 7759
5053 7860
5054 7962
5055 8064
5056 8165
5057 8267
5058 8368
5059 8470
5060 8572
5061 8673
5062 8775
5063 8877
5064 8979
5065 9081
5066 9182
5067 9284
5068 9386
5069 9488
5070 9590
5071 9692
5072 9794
5073 9896
5074 9998
5075 100
5076 202
5077 304
5078 406
5079 508
5080 610
5081 712
5082 814
5083 916
5084 1018
5085 1121
5086 1223
5087 1325
5088 1427
5089 1529
5090 1632
5091 1734
5092 1836
5093 1939
5094 2041
5095 2144
5096 2246
5097 2348
5098 2451
5099 2553
5100 2656
5101 2758
5102 2861
5103 2963
5104 3066
5105 3169
5106 3271
5107 3374
5108 3476
5109 3579
5110 3682
5111 3784
5112 3887
5113 3990
5114 4093
5115 4196
5116 4298
5117 4401
5118 4504
5119 4607
5120 4710
5121 4813
5122 4916
5123 5019
5124 5122
5125 5225
5126 5328
5127 5431
5128 5534
5129 5637
5130 5740
5131 5843
5132 5946
5133 6049
5134 6152
5135 6256
5136 6359
5137 6462
5138 6565
5139 6668
5140 6772
5141 6875
5142 6978
5143 7082
5144 7185
5145 7289
5146 7392
5147 7495
5148 7599
5149 7702
5150 7806
5151 7909
5152 8013
5153 8116
5154 8220
5155 8324
5156 8427
5157 8531
5158 8634
5159 8738
5160 8842
5161 8945
5162 9049
5163 9153
5164 9257
5165 9361
5166 9464
5167 9568
5168 9672
5169 9776
5170 9880
5171 9984
5172 88
5173 192
5174 296
5175 400
5176 504
5177 608
5178 712
5179 816
5180 920
5181 1024
5182 1128
5183 1232
5184 1336
5185 1441
5186 1545
5187 1649
5188 1753
5189 1857
5190 1962
5191 2066
5192 2170
5193 2275
5194 2379
5195 2484
5196 2588
5197 2692
5198 2797
5199 2901
5200 3006
5201 3110
5202 3215
5203 3319
5204 3424
5205 3529
5206 3633
5207 3738
5208 3842
5209 3947
5210 4052
5211 4156
5212 4261
5213 4366
5214 4471
5215 4576
5216 4680
5217 4785
5218 4890
5219 4995
5220 5100
5221 5205
5222 5310
5223 5415
5224 5520
5225 5625
5226 5730
5227 5835
5228 5940
5229 6045
5230 6150
5231 6255
5232 6360
5233 6465
5234 6570
5235 6676
5236 6781
5237 6886
5238 6991
5239 7096
5240 7202
5241 7307
5242 7412
5243 7518
5244 7623
5245 7729
5246 7834
5247 7939
5248 8045
5249 8150
5250 8256
5251 8361
5252 8467
5253 8572
5254 8678
5255 8784
5256 8889
5257 8995
5258 9100
5259 9206
5260 9312
5261 9417
5262 9523
5263 9629
5264 9735
5265 9841
5266 9946
5267 52
5268 158
5269 264
5270 370
5271 476
5272 582
5273 688
5274 794
5275 900
5276 1006
5277 1112
5278 1218
5279 1324
5280 1430
5281 1536
5282 1642
5283 1748
5284 1854
5285 1961
5286 2067
5287 2173
5288 2279
5289 2385
5290 2492
5291 2598
5292 2704
5293 2811
5294 2917
5295 3024
5296 3130
5297 3236
5298 3343
5299 3449
5300 3556
5301 3662
5302 3769
5303 3875
5304 3982
5305 4089
5306 4195
5307 4302
5308 4408
5309 4515
5310 4622
5311 4728
5312 4835
5313 4942
5314 5049
5315 5156
5316 5262
5317 5369
5318 5476
5319 5583
5320 5690
5321 5797
5322 5904
5323 6011
5324 6118
5325 6225
5326 6332
5327 6439
5328 6546
5329 6653
5330 6760
5331 6867
5332 6974
5333 7081
5334 7188
5335 7296
5336 7403
5337 7510
5338 7617
5339 7724
5340 7832
5341 7939
5342 8046
5343 8154
5344 8261
5345 8369
5346 8476
5347 8583
5348 8691
5349 8798
5350 8906
5351 9013
5352 9121
5353 9228
5354 9336
5355 9444
5356 9551
5357 9659
5358 9766
5359 9874
5360 9982
5361 89
5362 197
5363 305
5364 413
5365 521
5366 628
5367 736
5368 844
5369 952
5370 1060
5371 1168
5372 1276
5373 1384
5374 1492
5375 1600
5376 1708
5377 1816
5378 1924
5379 2032
5380 2140
5381 2248
5382 2356
5383 2464
5384 2572
5385 2681
5386 2789
5387 2897
5388 3005
5389 3113
5390 3222
5391 3330
5392 3438
5393 3547
5394 3655
5395 3764
5396 3872
5397 3980
5398 4089
5399 4197
5400 4306
5401 4414
5402 4523
5403 4631
5404 4740
5405 4849
5406 4957
5407 5066
5408 5174
5409 5283
5410 5392
5411 5500
5412 5609
5413 5718
5414 5827
5415 5936
5416 6044
5417 6153
5418 6262
5419 6371
5420 6480
5421 6589
5422 6698
5423 6807
5424 6916
5425 7025
5426 7134
5427 7243
5428 7352
5429 7461
5430 7570
5431 7679
5432 7788
5433 7897
5434 8006
5435 8116
5436 8225
5437 8334
5438 8443
5439 8552
5440 8662
5441 8771
5442 8880
5443 8990
5444 9099
5445 9209
5446 9318
5447 9427
5448 9537
5449 9646
5450 9756
5451 9865
5452 9975
5453 84
5454 194
5455 304
5456 413
5457 523
5458 632
5459 742
5460 852
5461 961
5462 1071
5463 1181
5464 1291
5465 1401
5466 1510
5467 1620
5468 1730
5469 1840
5470 1950
5471 2060
5472 2170
5473 2280
5474 2390
5475 2500
5476 2610
5477 2720
5478 2830
5479 2940
5480 3050
5481 3160
5482 3270
5483 3380
5484 3490
5485 3601
5486 3711
5487 3821
5488 3931
5489 4041
5490 4152
5491 4262
5492 4372
5493 4483
5494 4593
5495 4704
5496 4814
5497 4924
5498 5035
5499 5145
5500 5256
5501 5366
5502 5477
5503 5587
5504 5698
5505 5809
5506 5919
5507 6030
5508 6140
5509 6251
5510 6362
5511 6472
5512 6583
5513 6694
5514 6805
5515 6916
5516 7026
5517 7137
5518 7248
5519 7359
5520 7470
5521 7581
5522 7692
5523 7803
5524 7914
5525 8025
5526 8136
5527 8247
5528 8358
5529 8469
5530 8580
5531 8691
5532 8802
5533 8913
5534 9024
5535 9136
5536 9247
5537 9358
5538 9469
5539 9580
5540 9692
5541 9803
5542 9914
5543 26
5544 137
5545 249
5546 360
5547 471
5548 583
5549 694
5550 806
5551 917
5552 1029
5553 1140
5554 1252
5555 1364
5556 1475
5557 1587
5558 1698
5559 1810
5560 1922
5561 2033
5562 2145
5563 2257
5564 2369
5565 2481
5566 2592
5567 2704
5568 2816
5569 2928
5570 3040
5571 3152
5572 3264
5573 3376
5574 3488
5575 3600
5576 3712
5577 3824
5578 3936
5579 4048
5580 4160
5581 4272
5582 4384
5583 4496
5584 4608
5585 4721
5586 4833
5587 4945
5588 5057
5589 5169
5590 5282
5591 5394
5592 5506
5593 5619
5594 5731
5595 5844
5596 5956
5597 6068
5598 6181
5599 6293
5600 6406
5601 6518
5602 6631
5603 6743
5604 6856
5605 6969
5606 7081
5607 7194
5608 7306
5609 7419
5610 7532
5611 7644
5612 7757
5613 7870
5614 7983
5615 8096
5616 8208
5617 8321
5618 8434
5619 8547
5620 8660
5621 8773
5622 8886
5623 8999
5624 9112
5625 9225
5626 9338
5627 9451
5628 9564
5629 9677
5630 9790
5631 9903
5632 16
5633 129
5634 242
5635 356
5636 469
5637 582
5638 695
5639 808
5640 922
5641 1035
5642 1148
5643 1262
5644 1375
5645 1489
5646 1602
5647 1715
5648 1829
5649 1942
5650 2056
5651 2169
5652 2283
5653 2396
5654 2510
5655 2624
5656 2737
5657 2851
5658 2964
5659 3078
5660 3192
5661 3305
5662 3419
5663 3533
5664 3647
5665 3761
5666 3874
5667 3988
5668 4102
5669 4216
5670 4330
5671 4444
5672 4558
5673 4672
5674 4786
5675 4900
5676 5014
5677 5128
5678 5242
5679 5356
5680 5470
5681 5584
5682 5698
5683 5812
5684 5926
5685 6041
5686 6155
5687 6269
5688 6383
5689 6497
5690 6612
5691 6726
5692 6840
5693 6955
5694 7069
5695 7184
5696 7298
5697 7412
5698 7527
5699 7641
5700 7756
5701 7870
5702 7985
5703 8099
5704 8214
5705 8329
5706 8443
5707 8558
5708 8672
5709 8787
5710 8902
5711 9016
5712 9131
5713 9246
5714 9361
5715 9476
5716 9590
5717 9705
5718 9820
5719 9935
5720 50
5721 165
5722 280
5723 395
5724 510
5725 625
5726 740
5727 855
5728 970
5729 1085
5730 1200
5731 1315
5732 1430
5733 1545
5734 1660
5735 1776
5736 1891
5737 2006
5738 2121
5739 2236
5740 2352
5741 2467
5742 2582
5743 2698
5744 2813
5745 2929
5746 3044
5747 3159
5748 3275
5749 3390
5750 3506
5751 3621
5752 3737
5753 3852
5754 3968
5755 4084
5756 4199
5757 4315
5758 4430
5759 4546
5760 4662
5761 4777
5762 4893
5763 5009
5764 5125
5765 5241
5766 5356
5767 5472
5768 5588
5769 5704
5770 5820
5771 5936
5772 6052
5773 6168
5774 6284
5775 6400
5776 6516
5777 6632
5778 6748
5779 6864
5780 6980
5781 7096
5782 7212
5783 7328
5784 7444
5785 7561
5786 7677
5787 7793
5788 7909
5789 8025
5790 8142
5791 8258
5792 8374
5793 8491
5794 8607
5795 8724
5796 8840
5797 8956
5798 9073
5799 9189
5800 9306
5801 9422
5802 9539
5803 9655
5804 9772
5805 9889
5806 5
5807 122
5808 238
5809 355
5810 472
5811 588
5812 705
5813 822
5814 939
5815 1056
5816 1172
5817 1289
5818 1406
5819 1523
5820 1640
5821 1757
5822 1874
5823 1991
5824 2108
5825 2225
5826 2342
5827 2459
5828 2576
5829 2693
5830 2810
5831 2927
5832 3044
5833 3161
5834 3278
5835 3396
5836 3513
5837 3630
5838 3747
5839 3864
5840 3982
5841 4099
5842 4216
5843 4334
5844 4451
5845 4569
5846 4686
5847 4803
5848 4921
5849 5038
5850 5156
5851 5273
5852 5391
5853 5508
5854 5626
5855 5744
5856 5861
5857 5979
5858 6096
5859 6214
5860 6332
5861 6449
5862 6567
5863 6685
5864 6803
5865 6921
5866 7038
5867 7156
5868 7274
5869 7392
5870 7510
5871 7628
5872 7746
5873 7864
5874 7982
5875 8100
5876 8218
5877 8336
5878 8454
5879 8572
5880 8690
5881 8808
5882 8926
5883 9044
5884 9162
5885 9281
5886 9399
5887 9517
5888 9635
5889 9753
5890 9872
5891 9990
5892 108
5893 227
5894 345
5895 464
5896 582
5897 700
5898 819
5899 937
5900 1056
5901 1174
5902 1293
5903 1411
5904 1530
5905 1649
5906 1767
5907 1886
5908 2004
5909 2123
5910 2242
5911 2360
5912 2479
5913 2598
5914 2717
5915 2836
5916 2954
5917 3073
5918 3192
5919 3311
5920 3430
5921 3549
5922 3668
5923 3787
5924 3906
5925 4025
5926 4144
5927 4263
5928 4382
5929 4501
5930 4620
5931 4739
5932 4858
5933 4977
5934 5096
5935 5216
5936 5335
5937 5454
5938 5573
5939 5692
5940 5812
5941 5931
5942 6050
5943 6170
5944 6289
5945 6409
5946 6528
5947 6647
5948 6767
5949 6886
5950 7006
5951 7125
5952 7245
5953 7364
5954 7484
5955 7604
5956 7723
5957 7843
5958 7962
5959 8082
5960 8202
5961 8321
5962 8441
5963 8561
5964 8681
5965 8801
5966 8920
5967 9040
5968 9160
5969 9280
5970 9400
5971 9520
5972 9640
5973 9760
5974 9880
5975 0
5976 120
5977 240
5978 360
5979 480
5980 600
5981 720
5982 840
5983 960
5984 1080
5985 1201
5986 1321
5987 1441
5988 1561
5989 1681
5990 1802
5991 1922
5992 2042
5993 2163
5994 2283
5995 2404
5996 2524
5997 2644
5998 2765
5999 2885
6000 3006
6001 3126
6002 3247
6003 3367
6004 3488
6005 3609
6006 3729
6007 3850
6008 3970
6009 4091
6010 4212
6011 4332
6012 4453
6013 4574
6014 4695
6015 4816
6016 4936
6017 5057
6018 5178
6019 5299
6020 5420
6021 5541
6022 5662
6023 5783
6024 5904
6025 6025
6026 6146
6027 6267
6028 6388
6029 6509
6030 6630
6031 6751
6032 6872
6033 6993
6034 7114
6035 7236
6036 7357
6037 7478
6038 7599
6039 7720
6040 7842
6041 7963
6042 8084
6043 8206
6044 8327
6045 8449
6046 8570
6047 8691
6048 8813
6049 8934
6050 9056
6051 9177
6052 9299
6053 9420
6054 9542
6055 9664
6056 9785
6057 9907
6058 28
6059 150
6060 272
6061 393
6062 515
6063 637
6064 759
6065 881
6066 1002
6067 1124
6068 1246
6069 1368
6070 1490
6071 1612
6072 1734
6073 1856
6074 1978
6075 2100
6076 2222
6077 2344
6078 2466
6079 2588
6080 2710
6081 2832
6082 2954
6083 3076
6084 3198
6085 3321
6086 3443
6087 3565
6088 3687
6089 3809
6090 3932
6091 4054
6092 4176
6093 4299
6094 4421
6095 4544
6096 4666
6097 4788
6098 4911
6099 5033
6100 5156
6101 5278
6102 5401
6103 5523
6104 5646
6105 5769
6106 5891
6107 6014
6108 6136
6109 6259
6110 6382
6111 6504
6112 6627
6113 6750
6114 6873
6115 6996
6116 7118
6117 7241
6118 7364
6119 7487
6120 7610
6121 7733
6122 7856
6123 7979
6124 8102
6125 8225
6126 8348
6127 8471
6128 8594
6129 8717
6130 8840
6131 8963
6132 9086
6133 9209
6134 9332
6135 9456
6136 9579
6137 9702
6138 9825
6139 9948
6140 72
6141 195
6142 318
6143 442
6144 565
6145 689
6146 812
6147 935
6148 1059
6149 1182
6150 1306
6151 1429
6152 1553
6153 1676
6154 1800
6155 1924
6156 2047
6157 2171
6158 2294
6159 2418
6160 2542
6161 2665
6162 2789
6163 2913
6164 3037
6165 3161
6166 3284
6167 3408
6168 3532
6169 3656
6170 3780
6171 3904
6172 4028
6173 4152
6174 4276
6175 4400
6176 4524
6177 4648
6178 4772
6179 4896
6180 5020
6181 5144
6182 5268
6183 5392
6184 5516
6185 5641
6186 5765
6187 5889
6188 6013
6189 6137
6190 6262
6191 6386
6192 6510
6193 6635
6194 6759
6195 6884
6196 7008
6197 7132
6198 7257
6199 7381
6200 7506
6201 7630
6202 7755
6203 7879
6204 8004
6205 8129
6206 8253
6207 8378
6208 8502
6209 8627
6210 8752
6211 8876
6212 9001
6213 9126
6214 9251
6215 9376
6216 9500
6217 9625
6218 9750
6219 9875
6220 0
6221 125
6222 250
6223 375
6224 500
6225 625
6226 750
6227 875
6228 1000
6229 1125
6230 1250
6231 1375
6232 1500
6233 1625
6234 1750
6235 1876
6236 2001
6237 2126
6238 2251
6239 2376
6240 2502
6241 2627
6242 2752
6243 2878
6244 3003
6245 3129
6246 3254
6247 3379
6248 3505
6249 3630
6250 3756
6251 3881
6252 4007
6253 4132
6254 4258
6255 4384
6256 4509
6257 4635
6258 4760
6259 4886
6260 5012
6261 5137
6262 5263
6263 5389
6264 5515
6265 5641
6266 5766
6267 5892
6268 6018
6269 6144
6270 6270
6271 6396
6272 6522
6273 6648
6274 6774
6275 6900
6276 7026
6277 7152
6278 7278
6279 7404
6280 7530
6281 7656
6282 7782
6283 7908
6284 8034
6285 8161
6286 8287
6287 8413
6288 8539
6289 8665
6290 8792
6291 8918
6292 9044
6293 9171
6294 9297
6295 9424
6296 9550
6297 9676
6298 9803
6299 9929
6300 56
6301 182
6302 309
6303 435
6304 562
6305 689
6306 815
6307 942
6308 1068
6309 1195
6310 1322
6311 1448
6312 1575
6313 1702
6314 1829
6315 1956
6316 2082
6317 2209
6318 2336
6319 2463
6320 2590
6321 2717
6322 2844
6323 2971
6324 3098
6325 3225
6326 3352
6327 3479
6328 3606
6329 3733
6330 3860
6331 3987
6332 4114
6333 4241
6334 4368
6335 4496
6336 4623
6337 4750
6338 4877
6339 5004
6340 5132
6341 5259
6342 5386
6343 5514
6344 5641
6345 5769
6346 5896
6347 6023
6348 6151
6349 6278
6350 6406
6351 6533
6352 6661
6353 6788
6354 6916
6355 7044
6356 7171
6357 7299
6358 7426
6359 7554
6360 7682
6361 7809
6362 7937
6363 8065
6364 8193
6365 8321
6366 8448
6367 8576
6368 8704
6369 8832
6370 8960
6371 9088
6372 9216
6373 9344
6374 9472
6375 9600
6376 9728
6377 9856
6378 9984
6379 112
6380 240
6381 368
6382 496
6383 624
6384 752
6385 881
6386 1009
6387 1137
6388 1265
6389 1393
6390 1522
6391 1650
6392 1778
6393 1907
6394 2035
6395 2164
6396 2292
6397 2420
6398 2549
6399 2677
6400 2806
6401 2934
6402 3063
6403 3191
6404 3320
6405 3449
6406 3577
6407 3706
6408 3834
6409 3963
6410 4092
6411 4220
6412 4349
6413 4478
6414 4607
6415 4736
6416 4864
6417 4993
6418 5122
6419 5251
6420 5380
6421 5509
6422 5638
6423 5767
6424 5896
6425 6025
6426 6154
6427 6283
6428 6412
6429 6541
6430 6670
6431 6799
6432 6928
6433 7057
6434 7186
6435 7316
6436 7445
6437 7574
6438 7703
6439 7832
6440 7962
6441 8091
6442 8220
6443 8350
6444 8479
6445 8609
6446 8738
6447 8867
6448 8997
6449 9126
6450 9256
6451 9385
6452 9515
6453 9644
6454 9774
6455 9904
6456 33
6457 163
6458 292
6459 422
6460 552
6461 681
6462 811
6463 941
6464 1071
6465 1201
6466 1330
6467 1460
6468 1590
6469 1720
6470 1850
6471 1980
6472 2110
6473 2240
6474 2370
6475 2500
6476 2630
6477 2760
6478 2890
6479 3020
6480 3150
6481 3280
6482 3410
6483 3540
6484 3670
6485 3801
6486 3931
6487 4061
6488 4191
6489 4321
6490 4452
6491 4582
6492 4712
6493 4843
6494 4973
6495 5104
6496 5234
6497 5364
6498 5495
6499 5625
6500 5756
6501 5886
6502 6017
6503 6147
6504 6278
6505 6409
6506 6539
6507 6670
6508 6800
6509 6931
6510 7062
6511 7192
6512 7323
6513 7454
6514 7585
6515 7716
6516 7846
6517 7977
6518 8108
6519 8239
6520 8370
6521 8501
6522 8632
6523 8763
6524 8894
6525 9025
6526 9156
6527 9287
6528 9418
6529 9549
6530 9680
6531 9811
6532 9942
6533 73
6534 204
6535 336
6536 467
6537 598
6538 729
6539 860
6540 992
6541 1123
6542 1254
6543 1386
6544 1517
6545 1649
6546 1780
6547 1911
6548 2043
6549 2174
6550 2306
6551 2437
6552 2569
6553 2700
6554 2832
6555 2964
6556 3095
6557 3227
6558 3358
6559 3490
6560 3622
6561 3753
6562 3885
6563 4017
6564 4149
6565 4281
6566 4412
6567 4544
6568 4676
6569 4808
6570 4940
6571 5072
6572 5204
6573 5336
6574 5468
6575 5600
6576 5732
6577 5864
6578 5996
6579 6128
6580 6260
6581 6392
6582 6524
6583 6656
6584 6788
6585 6921
6586 7053
6587 7185
6588 7317
6589 7449
6590 7582
6591 7714
6592 7846
6593 7979
6594 8111
6595 8244
6596 8376
6597 8508
6598 8641
6599 8773
6600 8906
6601 9038
6602 9171
6603 9303
6604 9436
6605 9569
6606 9701
6607 9834
6608 9966
6609 99
6610 232
6611 364
6612 497
6613 630
6614 763
6615 896
6616 1028
6617 1161
6618 1294
6619 1427
6620 1560
6621 1693
6622 1826
6623 1959
6624 2092
6625 2225
6626 2358
6627 2491
6628 2624
6629 2757
6630 2890
6631 3023
6632 3156
6633 3289
6634 3422
6635 3556
6636 3689
6637 3822
6638 3955
6639 4088
6640 4222
6641 4355
6642 4488
6643 4622
6644 4755
6645 4889
6646 5022
6647 5155
6648 5289
6649 5422
6650 5556
6651 5689
6652 5823
6653 5956
6654 6090
6655 6224
6656 6357
6657 6491
6658 6624
6659 6758
6660 6892
6661 7025
6662 7159
6663 7293
6664 7427
6665 7561
6666 7694
6667 7828
6668 7962
6669 8096
6670 8230
6671 8364
6672 8498
6673 8632
6674 8766
6675 8900
6676 9034
6677 9168
6678 9302
6679 9436
6680 9570
6681 9704
6682 9838
6683 9972
6684 106
6685 241
6686 375
6687 509
6688 643
6689 777
6690 912
6691 1046
6692 1180
6693 1315
6694 1449
6695 1584
6696 1718
6697 1852
6698 1987
6699 2121
6700 2256
6701 2390
6702 2525
6703 2659
6704 2794
6705 2929
6706 3063
6707 3198
6708 3332
6709 3467
6710 3602
6711 3736
6712 3871
6713 4006
6714 4141
6715 4276
6716 4410
6717 4545
6718 4680
6719 4815
6720 4950
6721 5085
6722 5220
6723 5355
6724 5490
6725 5625
6726 5760
6727 5895
6728 6030
6729 6165
6730 6300
6731 6435
6732 6570
6733 6705
6734 6840
6735 6976
6736 7111
6737 7246
6738 7381
6739 7516
6740 7652
6741 7787
6742 7922
6743 8058
6744 8193
6745 8329
6746 8464
6747 8599
6748 8735
6749 8870
6750 9006
6751 9141
6752 9277
6753 9412
6754 9548
6755 9684
6756 9819
6757 9955
6758 90
6759 226
6760 362
6761 497
6762 633
6763 769
6764 905
6765 1041
6766 1176
6767 1312
6768 1448
6769 1584
6770 1720
6771 1856
6772 1992
6773 2128
6774 2264
6775 2400
6776 2536
6777 2672
6778 2808
6779 2944
6780 3080
6781 3216
6782 3352
6783 3488
6784 3624
6785 3761
6786 3897
6787 4033
6788 4169
6789 4305
6790 4442
6791 4578
6792 4714
6793 4851
6794 4987
6795 5124
6796 5260
6797 5396
6798 5533
6799 5669
6800 5806
6801 5942
6802 6079
6803 6215
6804 6352
6805 6489
6806 6625
6807 6762
6808 6898
6809 7035
6810 7172
6811 7308
6812 7445
6813 7582
6814 7719
6815 7856
6816 7992
6817 8129
6818 8266
6819 8403
6820 8540
6821 8677
6822 8814
6823 8951
6824 9088
6825 9225
6826 9362
6827 9499
6828 9636
6829 9773
6830 9910
6831 47
6832 184
6833 321
6834 458
6835 596
6836 733
6837 870
6838 1007
6839 1144
6840 1282
6841 1419
6842 1556
6843 1694
6844 1831
6845 1969
6846 2106
6847 2243
6848 2381
6849 2518
6850 2656
6851 2793
6852 2931
6853 3068
6854 3206
6855 3344
6856 3481
6857 3619
6858 3756
6859 3894
6860 4032
6861 4169
6862 4307
6863 4445
6864 4583
6865 4721
6866 4858
6867 4996
6868 5134
6869 5272
6870 5410
6871 5548
6872 5686
6873 5824
6874 5962
6875 6100
6876 6238
6877 6376
6878 6514
6879 6652
6880 6790
6881 6928
6882 7066
6883 7204
6884 7342
6885 7481
6886 7619
6887 7757
6888 7895
6889 8033
6890 8172
6891 8310
6892 8448
6893 8587
6894 8725
6895 8864
6896 9002
6897 9140
6898 9279
6899 9417
6900 9556
6901 9694
6902 9833
6903 9971
6904 110
6905 249
6906 387
6907 526
6908 664
6909 803
6910 942
6911 1080
6912 1219
6913 1358
6914 1497
6915 1636
6916 1774
6917 1913
6918 2052
6919 2191
6920 2330
6921 2469
6922 2608
6923 2747
6924 2886
6925 3025
6926 3164
6927 3303
6928 3442
6929 3581
6930 3720
6931 3859
6932 3998
6933 4137
6934 4276
6935 4416
6936 4555
6937 4694
6938 4833
6939 4972
6940 5112
6941 5251
6942 5390
6943 5530
6944 5669
6945 5809
6946 5948
6947 6087
6948 6227
6949 6366
6950 6506
6951 6645
6952 6785
6953 6924
6954 7064
6955 7204
6956 7343
6957 7483
6958 7622
6959 7762
6960 7902
6961 8041
6962 8181
6963 8321
6964 8461
6965 8601
6966 8740
6967 8880
6968 9020
6969 9160
6970 9300
6971 9440
6972 9580
6973 9720
6974 9860
6975 0
6976 140
6977 280
6978 420
6979 560
6980 700
6981 840
6982 980
6983 1120
6984 1260
6985 1401
6986 1541
6987 1681
6988 1821
6989 1961
6990 2102
6991 2242
6992 2382
6993 2523
6994 2663
6995 2804
6996 2944
6997 3084
6998 3225
6999 3365
7000 3506
7001 3646
7002 3787
7003 3927
7004 4068
7005 4209
7006 4349
7007 4490
7008 4630
7009 4771
7010 4912
7011 5052
7012 5193
7013 5334
7014 5475
7015 5616
7016 5756
7017 5897
7018 6038
7019 6179
7020 6320
7021 6461
7022 6602
7023 6743
7024 6884
7025 7025
7026 7166
7027 7307
7028 7448
7029 7589
7030 7730
7031 7871
7032 8012
7033 8153
7034 8294
7035 8436
7036 8577
7037 8718
7038 8859
7039 9000
7040 9142
7041 9283
7042 9424
7043 9566
7044 9707
7045 9849
7046 9990
7047 131
7048 273
7049 414
7050 556
7051 697
7052 839
7053 980
7054 1122
7055 1264
7056 1405
7057 1547
7058 1688
7059 1830
7060 1972
7061 2113
7062 2255
7063 2397
7064 2539
7065 2681
7066 2822
7067 2964
7068 3106
7069 3248
7070 3390
7071 3532
7072 3674
7073 3816
7074 3958
7075 4100
7076 4242
7077 4384
7078 4526
7079 4668
7080 4810
7081 4952
7082 5094
7083 5236
7084 5378
7085 5521
7086 5663
7087 5805
7088 5947
7089 6089
7090 6232
7091 6374
7092 6516
7093 6659
7094 6801
7095 6944
7096 7086
7097 7228
7098 7371
7099 7513
7100 7656
7101 7798
7102 7941
7103 8083
7104 8226
7105 8369
7106 8511
7107 8654
7108 8796
7109 8939
7110 9082
7111 9224
7112 9367
7113 9510
7114 9653
7115 9796
7116 9938
7117 81
7118 224
7119 367
7120 510
7121 653
7122 796
7123 939
7124 1082
7125 1225
7126 1368
7127 1511
7128 1654
7129 1797
7130 1940
7131 2083
7132 2226
7133 2369
7134 2512
7135 2656
7136 2799
7137 2942
7138 3085
7139 3228
7140 3372
7141 3515
7142 3658
7143 3802
7144 3945
7145 4089
7146 4232
7147 4375
7148 4519
7149 4662
7150 4806
7151 4949
7152 5093
7153 5236
7154 5380
7155 5524
7156 5667
7157 5811
7158 5954
7159 6098
7160 6242
7161 6385
7162 6529
7163 6673
7164 6817
7165 6961
7166 7104
7167 7248
7168 7392
7169 7536
7170 7680
7171 7824
7172 7968
7173 8112
7174 8256
7175 8400
7176 8544
7177 8688
7178 8832
7179 8976
7180 9120
7181 9264
7182 9408
7183 9552
7184 9696
7185 9841
7186 9985
7187 129
7188 273
7189 417
7190 562
7191 706
7192 850
7193 995
7194 1139
7195 1284
7196 1428
7197 1572
7198 1717
7199 1861
7200 2006
7201 2150
7202 2295
7203 2439
7204 2584
7205 2729
7206 2873
7207 3018
7208 3162
7209 3307
7210 3452
7211 3596
7212 3741
7213 3886
7214 4031
7215 4176
7216 4320
7217 4465
7218 4610
7219 4755
7220 4900
7221 5045
7222 5190
7223 5335
7224 5480
7225 5625
7226 5770
7227 5915
7228 6060
7229 6205
7230 6350
7231 6495
7232 6640
7233 6785
7234 6930
7235 7076
7236 7221
7237 7366
7238 7511
7239 7656
7240 7802
7241 7947
7242 8092
7243 8238
7244 8383
7245 8529
7246 8674
7247 8819
7248 8965
7249 9110
7250 9256
7251 9401
7252 9547
7253 9692
7254 9838
7255 9984
7256 129
7257 275
7258 420
7259 566
7260 712
7261 857
7262 1003
7263 1149
7264 1295
7265 1441
7266 1586
7267 1732
7268 1878
7269 2024
7270 2170
7271 2316
7272 2462
7273 2608
7274 2754
7275 2900
7276 3046
7277 3192
7278 3338
7279 3484
7280 3630
7281 3776
7282 3922
7283 4068
7284 4214
7285 4361
7286 4507
7287 4653
7288 4799
7289 4945
7290 5092
7291 5238
7292 5384
7293 5531
7294 5677
7295 5824
7296 5970
7297 6116
7298 6263
7299 6409
7300 6556
7301 6702
7302 6849
7303 6995
7304 7142
7305 7289
7306 7435
7307 7582
7308 7728
7309 7875
7310 8022
7311 8168
7312 8315
7313 8462
7314 8609
7315 8756
7316 8902
7317 9049
7318 9196
7319 9343
7320 9490
7321 9637
7322 9784
7323 9931
7324 78
7325 225
7326 372
7327 519
7328 666
7329 813
7330 960
7331 1107
7332 1254
7333 1401
7334 1548
7335 1696
7336 1843
7337 1990
7338 2137
7339 2284
7340 2432
7341 2579
7342 2726
7343 2874
7344 3021
7345 3169
7346 3316
7347 3463
7348 3611
7349 3758
7350 3906
7351 4053
7352 4201
7353 4348
7354 4496
7355 4644
7356 4791
7357 4939
7358 5086
7359 5234
7360 5382
7361 5529
7362 5677
7363 5825
7364 5973
7365 6121
7366 6268
7367 6416
7368 6564
7369 6712
7370 6860
7371 7008
7372 7156
7373 7304
7374 7452
7375 7600
7376 7748
7377 7896
7378 8044
7379 8192
7380 8340
7381 8488
7382 8636
7383 8784
7384 8932
7385 9081
7386 9229
7387 9377
7388 9525
7389 9673
7390 9822
7391 9970
7392 118
7393 267
7394 415
7395 564
7396 712
7397 860
7398 1009
7399 1157
7400 1306
7401 1454
7402 1603
7403 1751
7404 1900
7405 2049
7406 2197
7407 2346
7408 2494
7409 2643
7410 2792
7411 2940
7412 3089
7413 3238
7414 3387
7415 3536
7416 3684
7417 3833
7418 3982
7419 4131
7420 4280
7421 4429
7422 4578
7423 4727
7424 4876
7425 5025
7426 5174
7427 5323
7428 5472
7429 5621
7430 5770
7431 5919
7432 6068
7433 6217
7434 6366
7435 6516
7436 6665
7437 6814
7438 6963
7439 7112
7440 7262
7441 7411
7442 7560
7443 7710
7444 7859
7445 8009
7446 8158
7447 8307
7448 8457
7449 8606
7450 8756
7451 8905
7452 9055
7453 9204
7454 9354
7455 9504
7456 9653
7457 9803
7458 9952
7459 102
7460 252
7461 401
7462 551
7463 701
7464 851
7465 1001
7466 1150
7467 1300
7468 1450
7469 1600
7470 1750
7471 1900
7472 2050
7473 2200
7474 2350
7475 2500
7476 2650
7477 2800
7478 2950
7479 3100
7480 3250
7481 3400
7482 3550
7483 3700
7484 3850
7485 4001
7486 4151
7487 4301
7488 4451
7489 4601
7490 4752
7491 4902
7492 5052
7493 5203
7494 5353
7495 5504
7496 5654
7497 5804
7498 5955
7499 6105
7500 6256
7501 6406
7502 6557
7503 6707
7504 6858
7505 7009
7506 7159
7507 7310
7508 7460
7509 7611
7510 7762
7511 7912
7512 8063
7513 8214
7514 8365
7515 8516
7516 8666
7517 8817
7518 8968
7519 9119
7520 9270
7521 9421
7522 9572
7523 9723
7524 9874
7525 25
7526 176
7527 327
7528 478
7529 629
7530 780
7531 931
7532 1082
7533 1233
7534 1384
7535 1536
7536 1687
7537 1838
7538 1989
7539 2140
7540 2292
7541 2443
7542 2594
7543 2746
7544 2897
7545 3049
7546 3200
7547 3351
7548 3503
7549 3654
7550 3806
7551 3957
7552 4109
7553 4260
7554 4412
7555 4564
7556 4715
7557 4867
7558 5018
7559 5170
7560 5322
7561 5473
7562 5625
7563 5777
7564 5929
7565 6081
7566 6232
7567 6384
7568 6536
7569 6688
7570 6840
7571 6992
7572 7144
7573 7296
7574 7448
7575 7600
7576 7752
7577 7904
7578 8056
7579 8208
7580 8360
7581 8512
7582 8664
7583 8816
7584 8968
7585 9121
7586 9273
7587 9425
7588 9577
7589 9729
7590 9882
7591 34
7592 186
7593 339
7594 491
7595 644
7596 796
7597 948
7598 1101
7599 1253
7600 1406
7601 1558
7602 1711
7603 1863
7604 2016
7605 2169
7606 2321
7607 2474
7608 2626
7609 2779
7610 2932
7611 3084
7612 3237
7613 3390
7614 3543
7615 3696
7616 3848
7617 4001
7618 4154
7619 4307
7620 4460
7621 4613
7622 4766
7623 4919
7624 5072
7625 5225
7626 5378
7627 5531
7628 5684
7629 5837
7630 5990
7631 6143
7632 6296
7633 6449
7634 6602
7635 6756
7636 6909
7637 7062
7638 7215
7639 7368
7640 7522
7641 7675
7642 7828
7643 7982
7644 8135
7645 8289
7646 8442
7647 8595
7648 8749
7649 8902
7650 9056
7651 9209
7652 9363
7653 9516
7654 9670
7655 9824
7656 9977
7657 131
7658 284
7659 438
7660 592
7661 745
7662 899
7663 1053
7664 1207
7665 1361
7666 1514
7667 1668
7668 1822
7669 1976
7670 2130
7671 2284
7672 2438
7673 2592
7674 2746
7675 2900
7676 3054
7677 3208
7678 3362
7679 3516
7680 3670
7681 3824
7682 3978
7683 4132
7684 4286
7685 4441
7686 4595
7687 4749
7688 4903
7689 5057
7690 5212
7691 5366
7692 5520
7693 5675
7694 5829
7695 5984
7696 6138
7697 6292
7698 6447
7699 6601
7700 6756
7701 6910
7702 7065
7703 7219
7704 7374
7705 7529
7706 7683
7707 7838
7708 7992
7709 8147
7710 8302
7711 8456
7712 8611
7713 8766
7714 8921
7715 9076
7716 9230
7717 9385
7718 9540
7719 9695
7720 9850
7721 5
7722 160
7723 315
7724 470
7725 625
7726 780
7727 935
7728 1090
7729 1245
7730 1400
7731 1555
7732 1710
7733 1865
7734 2020
7735 2176
7736 2331
7737 2486
7738 2641
7739 2796
7740 2952
7741 3107
7742 3262
7743 3418
7744 3573
7745 3729
7746 3884
7747 4039
7748 4195
7749 4350
7750 4506
7751 4661
7752 4817
7753 4972
7754 5128
7755 5284
7756 5439
7757 5595
7758 5750
7759 5906
7760 6062
7761 6217
7762 6373
7763 6529
7764 6685
7765 6841
7766 6996
7767 7152
7768 7308
7769 7464
7770 7620
7771 7776
7772 7932
7773 8088
7774 8244
7775 8400
7776 8556
7777 8712
7778 8868
7779 9024
7780 9180
7781 9336
7782 9492
7783 9648
7784 9804
7785 9961
7786 117
7787 273
7788 429
7789 585
7790 742
7791 898
7792 1054
7793 1211
7794 1367
7795 1524
7796 1680
7797 1836
7798 1993
7799 2149
7800 2306
7801 2462
7802 2619
7803 2775
7804 2932
7805 3089
7806 3245
7807 3402
7808 3558
7809 3715
7810 3872
7811 4028
7812 4185
7813 4342
7814 4499
7815 4656
7816 4812
7817 4969
7818 5126
7819 5283
7820 5440
7821 5597
7822 5754
7823 5911
7824 6068
7825 6225
7826 6382
7827 6539
7828 6696
7829 6853
7830 7010
7831 7167
7832 7324
7833 7481
7834 7638
7835 7796
7836 7953
7837 8110
7838 8267
7839 8424
7840 8582
7841 8739
7842 8896
7843 9054
7844 9211
7845 9369
7846 9526
7847 9683
7848 9841
7849 9998
7850 156
7851 313
7852 471
7853 628
7854 786
7855 944
7856 1101
7857 1259
7858 1416
7859 1574
7860 1732
7861 1889
7862 2047
7863 2205
7864 2363
7865 2521
7866 2678
7867 2836
7868 2994
7869 3152
7870 3310
7871 3468
7872 3626
7873 3784
7874 3942
7875 4100
7876 4258
7877 4416
7878 4574
7879 4732
7880 4890
7881 5048
7882 5206
7883 5364
7884 5522
7885 5681
7886 5839
7887 5997
7888 6155
7889 6313
7890 6472
7891 6630
7892 6788
7893 6947
7894 7105
7895 7264
7896 7422
7897 7580
7898 7739
7899 7897
7900 8056
7901 8214
7902 8373
7903 8531
7904 8690
7905 8849
7906 9007
7907 9166
7908 9324
7909 9483
7910 9642
7911 9800
7912 9959
7913 118
7914 277
7915 436
7916 594
7917 753
7918 912
7919 1071
7920 1230
7921 1389
7922 1548
7923 1707
7924 1866
7925 2025
7926 2184
7927 2343
7928 2502
7929 2661
7930 2820
7931 2979
7932 3138
7933 3297
7934 3456
7935 3616
7936 3775
7937 3934
7938 4093
7939 4252
7940 4412
7941 4571
7942 4730
7943 4890
7944 5049
7945 5209
7946 5368
7947 5527
7948 5687
7949 5846
7950 6006
7951 6165
7952 6325
7953 6484
7954 6644
7955 6804
7956 6963
7957 7123
7958 7282
7959 7442
7960 7602
7961 7761
7962 7921
7963 8081
7964 8241
7965 8401
7966 8560
7967 8720
7968 8880
7969 9040
7970 9200
7971 9360
7972 9520
7973 9680
7974 9840
7975 0
7976 160
7977 320
7978 480
7979 640
7980 800
7981 960
7982 1120
7983 1280
7984 1440
7985 1601
7986 1761
7987 1921
7988 2081
7989 2241
7990 2402
7991 2562
7992 2722
7993 2883
7994 3043
7995 3204
7996 3364
7997 3524
7998 3685
7999 3845
8000 4006
8001 4166
8002 4327
8003 4487
8004 4648
8005 4809
8006 4969
8007 5130
8008 5290
8009 5451
8010 5612
8011 5772
8012 5933
8013 6094
8014 6255
8015 6416
8016 6576
8017 6737
8018 6898
8019 7059
8020 7220
8021 7381
8022 7542
8023 7703
8024 7864
8025 8025
8026 8186
8027 8347
8028 8508
8029 8669
8030 8830
8031 8991
8032 9152
8033 9313
8034 9474
8035 9636
8036 9797
8037 9958
8038 119
8039 280
8040 442
8041 603
8042 764
8043 926
8044 1087
8045 1249
8046 1410
8047 1571
8048 1733
8049 1894
8050 2056
8051 2217
8052 2379
8053 2540
8054 2702
8055 2864
8056 3025
8057 3187
8058 3348
8059 3510
8060 3672
8061 3833
8062 3995
8063 4157
8064 4319
8065 4481
8066 4642
8067 4804
8068 4966
8069 5128
8070 5290
8071 5452
8072 5614
8073 5776
8074 5938
8075 6100
8076 6262
8077 6424
8078 6586
8079 6748
8080 6910
8081 7072
8082 7234
8083 7396
8084 7558
8085 7721
8086 7883
8087 8045
8088 8207
8089 8369
8090 8532
8091 8694
8092 8856
8093 9019
8094 9181
8095 9344
8096 9506
8097 9668
8098 9831
8099 9993
8100 156
8101 318
8102 481
8103 643
8104 806
8105 969
8106 1131
8107 1294
8108 1456
8109 1619
8110 1782
8111 1944
8112 2107
8113 2270
8114 2433
8115 2596
8116 2758
8117 2921
8118 3084
8119 3247
8120 3410
8121 3573
8122 3736
8123 3899
8124 4062
8125 4225
8126 4388
8127 4551
8128 4714
8129 4877
8130 5040
8131 5203
8132 5366
8133 5529
8134 5692
8135 5856
8136 6019
8137 6182
8138 6345
8139 6508
8140 6672
8141 6835
8142 6998
8143 7162
8144 7325
8145 7489
8146 7652
8147 7815
8148 7979
8149 8142
8150 8306
8151 8469
8152 8633
8153 8796
8154 8960
8155 9124
8156 9287
8157 9451
8158 9614
8159 9778
8160 9942
8161 105
8162 269
8163 433
8164 597
8165 761
8166 924
8167 1088
8168 1252
8169 1416
8170 1580
8171 1744
8172 1908
8173 2072
8174 2236
8175 2400
8176 2564
8177 2728
8178 2892
8179 3056
8180 3220
8181 3384
8182 3548
8183 3712
8184 3876
8185 4041
8186 4205
8187 4369
8188 4533
8189 4697
8190 4862
8191 5026
8192 5190
8193 5355
8194 5519
8195 5684
8196 5848
8197 6012
8198 6177
8199 6341
8200 6506
8201 6670
8202 6835
8203 6999
8204 7164
8205 7329
8206 7493
8207 7658
8208 7822
8209 7987
8210 8152
8211 8316
8212 8481
8213 8646
8214 8811
8215 8976
8216 9140
8217 9305
8218 9470
8219 9635
8220 9800
8221 9965
8222 130
8223 295
8224 460
8225 625
8226 790
8227 955
8228 1120
8229 1285
8230 1450
8231 1615
8232 1780
8233 1945
8234 2110
8235 2276
8236 2441
8237 2606
8238 2771
8239 2936
8240 3102
8241 3267
8242 3432
8243 3598
8244 3763
8245 3929
8246 4094
8247 4259
8248 4425
8249 4590
8250 4756
8251 4921
8252 5087
8253 5252
8254 5418
8255 5584
8256 5749
8257 5915
8258 6080
8259 6246
8260 6412
8261 6577
8262 6743
8263 6909
8264 7075
8265 7241
8266 7406
8267 7572
8268 7738
8269 7904
8270 8070
8271 8236
8272 8402
8273 8568
8274 8734
8275 8900
8276 9066
8277 9232
8278 9398
8279 9564
8280 9730
8281 9896
8282 62
8283 228
8284 394
8285 561
8286 727
8287 893
8288 1059
8289 1225
8290 1392
8291 1558
8292 1724
8293 1891
8294 2057
8295 2224
8296 2390
8297 2556
8298 2723
8299 2889
8300 3056
8301 3222
8302 3389
8303 3555
8304 3722
8305 3889
8306 4055
8307 4222
8308 4388
8309 4555
8310 4722
8311 4888
8312 5055
8313 5222
8314 5389
8315 5556
8316 5722
8317 5889
8318 6056
8319 6223
8320 6390
8321 6557
8322 6724
8323 6891
8324 7058
8325 7225
8326 7392
8327 7559
8328 7726
8329 7893
8330 8060
8331 8227
8332 8394
8333 8561
8334 8728
8335 8896
8336 9063
8337 9230
8338 9397
8339 9564
8340 9732
8341 9899
8342 66
8343 234
8344 401
8345 569
8346 736
8347 903
8348 1071
8349 1238
8350 1406
8351 1573
8352 1741
8353 1908
8354 2076
8355 2244
8356 2411
8357 2579
8358 2746
8359 2914
8360 3082
8361 3249
8362 3417
8363 3585
8364 3753
8365 3921
8366 4088
8367 4256
8368 4424
8369 4592
8370 4760
8371 4928
8372 5096
8373 5264
8374 5432
8375 5600
8376 5768
8377 5936
8378 6104
8379 6272
8380 6440
8381 6608
8382 6776
8383 6944
8384 7112
8385 7281
8386 7449
8387 7617
8388 7785
8389 7953
8390 8122
8391 8290
8392 8458
8393 8627
8394 8795
8395 8964
8396 9132
8397 9300
8398 9469
8399 9637
8400 9806
8401 9974
8402 143
8403 311
8404 480
8405 649
8406 817
8407 986
8408 1154
8409 1323
8410 1492
8411 1660
8412 1829
8413 1998
8414 2167
8415 2336
8416 2504
8417 2673
8418 2842
8419 3011
8420 3180
8421 3349
8422 3518
8423 3687
8424 3856
8425 4025
8426 4194
8427 4363
8428 4532
8429 4701
8430 4870
8431 5039
8432 5208
8433 5377
8434 5546
8435 5716
8436 5885
8437 6054
8438 6223
8439 6392
8440 6562
8441 6731
8442 6900
8443 7070
8444 7239
8445 7409
8446 7578
8447 7747
8448 7917
8449 8086
8450 8256
8451 8425
8452 8595
8453 8764
8454 8934
8455 9104
8456 9273
8457 9443
8458 9612
8459 9782
8460 9952
8461 121
8462 291
8463 461
8464 631
8465 801
8466 970
8467 1140
8468 1310
8469 1480
8470 1650
8471 1820
8472 1990
8473 2160
8474 2330
8475 2500
8476 2670
8477 2840
8478 3010
8479 3180
8480 3350
8481 3520
8482 3690
8483 3860
8484 4030
8485 4201
8486 4371
8487 4541
8488 4711
8489 4881
8490 5052
8491 5222
8492 5392
8493 5563
8494 5733
8495 5904
8496 6074
8497 6244
8498 6415
8499 6585
8500 6756
8501 6926
8502 7097
8503 7267
8504 7438
8505 7609
8506 7779
8507 7950
8508 8120
8509 8291
8510 8462
8511 8632
8512 8803
8513 8974
8514 9145
8515 9316
8516 9486
8517 9657
8518 9828
8519 9999
8520 170
8521 341
8522 512
8523 683
8524 854
8525 1025
8526 1196
8527 1367
8528 1538
8529 1709
8530 1880
8531 2051
8532 2222
8533 2393
8534 2564
8535 2736
8536 2907
8537 3078
8538 3249
8539 3420
8540 3592
8541 3763
8542 3934
8543 4106
8544 4277
8545 4449
8546 4620
8547 4791
8548 4963
8549 5134
8550 5306
8551 5477
8552 5649
8553 5820
8554 5992
8555 6164
8556 6335
8557 6507
8558 6678
8559 6850
8560 7022
8561 7193
8562 7365
8563 7537
8564 7709
8565 7881
8566 8052
8567 8224
8568 8396
8569 8568
8570 8740
8571 8912
8572 9084
8573 9256
8574 9428
8575 9600
8576 9772
8577 9944
8578 116
8579 288
8580 460
8581 632
8582 804
8583 976
8584 1148
8585 1321
8586 1493
8587 1665
8588 1837
8589 2009
8590 2182
8591 2354
8592 2526
8593 2699
8594 2871
8595 3044
8596 3216
8597 3388
8598 3561
8599 3733
8600 3906
8601 4078
8602 4251
8603 4423
8604 4596
8605 4769
8606 4941
8607 5114
8608 5286
8609 5459
8610 5632
8611 5804
8612 5977
8613 6150
8614 6323
8615 6496
8616 6668
8617 6841
8618 7014
8619 7187
8620 7360
8621 7533
8622 7706
8623 7879
8624 8052
8625 8225
8626 8398
8627 8571
8628 8744
8629 8917
8630 9090
8631 9263
8632 9436
8633 9609
8634 9782
8635 9956
8636 129
8637 302
8638 475
8639 648
8640 822
8641 995
8642 1168
8643 1342
8644 1515
8645 1689
8646 1862
8647 2035
8648 2209
8649 2382
8650 2556
8651 2729
8652 2903
8653 3076
8654 3250
8655 3424
8656 3597
8657 3771
8658 3944
8659 4118
8660 4292
8661 4465
8662 4639
8663 4813
8664 4987
8665 5161
8666 5334
8667 5508
8668 5682
8669 5856
8670 6030
8671 6204
8672 6378
8673 6552
8674 6726
8675 6900
8676 7074
8677 7248
8678 7422
8679 7596
8680 7770
8681 7944
8682 8118
8683 8292
8684 8466
8685 8641
8686 8815
8687 8989
8688 9163
8689 9337
8690 9512
8691 9686
8692 9860
8693 35
8694 209
8695 384
8696 558
8697 732
8698 907
8699 1081
8700 1256
8701 1430
8702 1605
8703 1779
8704 1954
8705 2129
8706 2303
8707 2478
8708 2652
8709 2827
8710 3002
8711 3176
8712 3351
8713 3526
8714 3701
8715 3876
8716 4050
8717 4225
8718 4400
8719 4575
8720 4750
8721 4925
8722 5100
8723 5275
8724 5450
8725 5625
8726 5800
8727 5975
8728 6150
8729 6325
8730 6500
8731 6675
8732 6850
8733 7025
8734 7200
8735 7376
8736 7551
8737 7726
8738 7901
8739 8076
8740 8252
8741 8427
8742 8602
8743 8778
8744 8953
8745 9129
8746 9304
8747 9479
8748 9655
8749 9830
8750 6
8751 181
8752 357
8753 532
8754 708
8755 884
8756 1059
8757 1235
8758 1410
8759 1586
8760 1762
8761 1937
8762 2113
8763 2289
8764 2465
8765 2641
8766 2816
8767 2992
8768 3168
8769 3344
8770 3520
8771 3696
8772 3872
8773 4048
8774 4224
8775 4400
8776 4576
8777 4752
8778 4928
8779 5104
8780 5280
8781 5456
8782 5632
8783 5808
8784 5984
8785 6161
8786 6337
8787 6513
8788 6689
8789 6865
8790 7042
8791 7218
8792 7394
8793 7571
8794 7747
8795 7924
8796 8100
8797 8276
8798 8453
8799 8629
8800 8806
8801 8982
8802 9159
8803 9335
8804 9512
8805 9689
8806 9865
8807 42
8808 218
8809 395
8810 572
8811 748
8812 925
8813 1102
8814 1279
8815 1456
8816 1632
8817 1809
8818 1986
8819 2163
8820 2340
8821 2517
8822 2694
8823 2871
8824 3048
8825 3225
8826 3402
8827 3579
8828 3756
8829 3933
8830 4110
8831 4287
8832 4464
8833 4641
8834 4818
8835 4996
8836 5173
8837 5350
8838 5527
8839 5704
8840 5882
8841 6059
8842 6236
8843 6414
8844 6591
8845 6769
8846 6946
8847 7123
8848 7301
8849 7478
8850 7656
8851 7833
8852 8011
8853 8188
8854 8366
8855 8544
8856 8721
8857 8899
8858 9076
8859 9254
8860 9432
8861 9609
8862 9787
8863 9965
8864 143
8865 321
8866 498
8867 676
8868 854
8869 1032
8870 1210
8871 1388
8872 1566
8873 1744
8874 1922
8875 2100
8876 2278
8877 2456
8878 2634
8879 2812
8880 2990
8881 3168
8882 3346
8883 3524
8884 3702
8885 3881
8886 4059
8887 4237
8888 4415
8889 4593
8890 4772
8891 4950
8892 5128
8893 5307
8894 5485
8895 5664
8896 5842
8897 6020
8898 6199
8899 6377
8900 6556
8901 6734
8902 6913
8903 7091
8904 7270
8905 7449
8906 7627
8907 7806
8908 7984
8909 8163
8910 8342
8911 8520
8912 8699
8913 8878
8914 9057
8915 9236
8916 9414
8917 9593
8918 9772
8919 9951
8920 130
8921 309
8922 488
8923 667
8924 846
8925 1025
8926 1204
8927 1383
8928 1562
8929 1741
8930 1920
8931 2099
8932 2278
8933 2457
8934 2636
8935 2816
8936 2995
8937 3174
8938 3353
8939 3532
8940 3712
8941 3891
8942 4070
8943 4250
8944 4429
8945 4609
8946 4788
8947 4967
8948 5147
8949 5326
8950 5506
8951 5685
8952 5865
8953 6044
8954 6224
8955 6404
8956 6583
8957 6763
8958 6942
8959 7122
8960 7302
8961 7481
8962 7661
8963 7841
8964 8021
8965 8201
8966 8380
8967 8560
8968 8740
8969 8920
8970 9100
8971 9280
8972 9460
8973 9640
8974 9820
8975 0
8976 180
8977 360
8978 540
8979 720
8980 900
8981 1080
8982 1260
8983 1440
8984 1620
8985 1801
8986 1981
8987 2161
8988 2341
8989 2521
8990 2702
8991 2882
8992 3062
8993 3243
8994 3423
8995 3604
8996 3784
8997 3964
8998 4145
8999 4325
9000 4506
9001 4686
9002 4867
9003 5047
9004 5228
9005 5409
9006 5589
9007 5770
9008 5950
9009 6131
9010 6312
9011 6492
9012 6673
9013 6854
9014 7035
9015 7216
9016 7396
9017 7577
9018 7758
9019 7939
9020 8120
9021 8301
9022 8482
9023 8663
9024 8844
9025 9025
9026 9206
9027 9387
9028 9568
9029 9749
9030 9930
9031 111
9032 292
9033 473
9034 654
9035 836
9036 1017
9037 1198
9038 1379
9039 1560
9040 1742
9041 1923
9042 2104
9043 2286
9044 2467
9045 2649
9046 2830
9047 3011
9048 3193
9049 3374
9050 3556
9051 3737
9052 3919
9053 4100
9054 4282
9055 4464
9056 4645
9057 4827
9058 5008
9059 5190
9060 5372
9061 5553
9062 5735
9063 5917
9064 6099
9065 6281
9066 6462
9067 6644
9068 6826
9069 7008
9070 7190
9071 7372
9072 7554
9073 7736
9074 7918
9075 8100
9076 8282
9077 8464
9078 8646
9079 8828
9080 9010
9081 9192
9082 9374
9083 9556
9084 9738
9085 9921
9086 103
9087 285
9088 467
9089 649
9090 832
9091 1014
9092 1196
9093 1379
9094 1561
9095 1744
9096 1926
9097 2108
9098 2291
9099 2473
9100 2656
9101 2838
9102 3021
9103 3203
9104 3386
9105 3569
9106 3751
9107 3934
9108 4116
9109 4299
9110 4482
9111 4664
9112 4847
9113 5030
9114 5213
9115 5396
9116 5578
9117 5761
9118 5944
9119 6127
9120 6310
9121 6493
9122 6676
9123 6859
9124 7042
9125 7225
9126 7408
9127 7591
9128 7774
9129 7957
9130 8140
9131 8323
9132 8506
9133 8689
9134 8872
9135 9056
9136 9239
9137 9422
9138 9605
9139 9788
9140 9972
9141 155
9142 338
9143 522
9144 705
9145 889
9146 1072
9147 1255
9148 1439
9149 1622
9150 1806
9151 1989
9152 2173
9153 2356
9154 2540
9155 2724
9156 2907
9157 3091
9158 3274
9159 3458
9160 3642
9161 3825
9162 4009
9163 4193
9164 4377
9165 4561
9166 4744
9167 4928
9168 5112
9169 5296
9170 5480
9171 5664
9172 5848
9173 6032
9174 6216
9175 6400
9176 6584
9177 6768
9178 6952
9179 7136
9180 7320
9181 7504
9182 7688
9183 7872
9184 8056
9185 8241
9186 8425
9187 8609
9188 8793
9189 8977
9190 9162
9191 9346
9192 9530
9193 9715
9194 9899
9195 84
9196 268
9197 452
9198 637
9199 821
9200 1006
9201 1190
9202 1375
9203 1559
9204 1744
9205 1929
9206 2113
9207 2298
9208 2482
9209 2667
9210 2852
9211 3036
9212 3221
9213 3406
9214 3591
9215 3776
9216 3960
9217 4145
9218 4330
9219 4515
9220 4700
9221 4885
9222 5070
9223 5255
9224 5440
9225 5625
9226 5810
9227 5995
9228 6180
9229 6365
9230 6550
9231 6735
9232 6920
9233 7105
9234 7290
9235 7476
9236 7661
9237 7846
9238 8031
9239 8216
9240 8402
9241 8587
9242 8772
9243 8958
9244 9143
9245 9329
9246 9514
9247 9699
9248 9885
9249 70
9250 256
9251 441
9252 627
9253 812
9254 998
9255 1184
9256 1369
9257 1555
9258 1740
9259 1926
9260 2112
9261 2297
9262 2483
9263 2669
9264 2855
9265 3041
9266 3226
9267 3412
9268 3598
9269 3784
9270 3970
9271 4156
9272 4342
9273 4528
9274 4714
9275 4900
9276 5086
9277 5272
9278 5458
9279 5644
9280 5830
9281 6016
9282 6202
9283 6388
9284 6574
9285 6761
9286 6947
9287 7133
9288 7319
9289 7505
9290 7692
9291 7878
9292 8064
9293 8251
9294 8437
9295 8624
9296 8810
9297 8996
9298 9183
9299 9369
9300 9556
9301 9742
9302 9929
9303 115
9304 302
9305 489
9306 675
9307 862
9308 1048
9309 1235
9310 1422
9311 1608
9312 1795
9313 1982
9314 2169
9315 2356
9316 2542
9317 2729
9318 2916
9319 3103
9320 3290
9321 3477
9322 3664
9323 3851
9324 4038
9325 4225
9326 4412
9327 4599
9328 4786
9329 4973
9330 5160
9331 5347
9332 5534
9333 5721
9334 5908
9335 6096
9336 6283
9337 6470
9338 6657
9339 6844
9340 7032
9341 7219
9342 7406
9343 7594
9344 7781
9345 7969
9346 8156
9347 8343
9348 8531
9349 8718
9350 8906
9351 9093
9352 9281
9353 9468
9354 9656
9355 9844
9356 31
9357 219
9358 406
9359 594
9360 782
9361 969
9362 1157
9363 1345
9364 1533
9365 1721
9366 1908
9367 2096
9368 2284
9369 2472
9370 2660
9371 2848
9372 3036
9373 3224
9374 3412
9375 3600
9376 3788
9377 3976
9378 4164
9379 4352
9380 4540
9381 4728
9382 4916
9383 5104
9384 5292
9385 5481
9386 5669
9387 5857
9388 6045
9389 6233
9390 6422
9391 6610
9392 6798
9393 6987
9394 7175
9395 7364
9396 7552
9397 7740
9398 7929
9399 8117
9400 8306
9401 8494
9402 8683
9403 8871
9404 9060
9405 9249
9406 9437
9407 9626
9408 9814
9409 3
9410 192
9411 380
9412 569
9413 758
9414 947
9415 1136
9416 1324
9417 1513
9418 1702
9419 1891
9420 2080
9421 2269
9422 2458
9423 2647
9424 2836
9425 3025
9426 3214
9427 3403
9428 3592
9429 3781
9430 3970
9431 4159
9432 4348
9433 4537
9434 4726
9435 4916
9436 5105
9437 5294
9438 5483
9439 5672
9440 5862
9441 6051
9442 6240
9443 6430
9444 6619
9445 6809
9446 6998
9447 7187
9448 7377
9449 7566
9450 7756
9451 7945
9452 8135
9453 8324
9454 8514
9455 8704
9456 8893
9457 9083
9458 9272
9459 9462
9460 9652
9461 9841
9462 31
9463 221
9464 411
9465 601
9466 790
9467 980
9468 1170
9469 1360
9470 1550
9471 1740
9472 1930
9473 2120
9474 2310
9475 2500
9476 2690
9477 2880
9478 3070
9479 3260
9480 3450
9481 3640
9482 3830
9483 4020
9484 4210
9485 4401
9486 4591
9487 4781
9488 4971
9489 5161
9490 5352
9491 5542
9492 5732
9493 5923
9494 6113
9495 6304
9496 6494
9497 6684
9498 6875
9499 7065
9500 7256
9501 7446
9502 7637
9503 7827
9504 8018
9505 8209
9506 8399
9507 8590
9508 8780
9509 8971
9510 9162
9511 9352
9512 9543
9513 9734
9514 9925
9515 116
9516 306
9517 497
9518 688
9519 879
9520 1070
9521 1261
9522 1452
9523 1643
9524 1834
9525 2025
9526 2216
9527 2407
9528 2598
9529 2789
9530 2980
9531 3171
9532 3362
9533 3553
9534 3744
9535 3936
9536 4127
9537 4318
9538 4509
9539 4700
9540 4892
9541 5083
9542 5274
9543 5466
9544 5657
9545 5849
9546 6040
9547 6231
9548 6423
9549 6614
9550 6806
9551 6997
9552 7189
9553 7380
9554 7572
9555 7764
9556 7955
9557 8147
9558 8338
9559 8530
9560 8722
9561 8913
9562 9105
9563 9297
9564 9489
9565 9681
9566 9872
9567 64
9568 256
9569 448
9570 640
9571 832
9572 1024
9573 1216
9574 1408
9575 1600
9576 1792
9577 1984
9578 2176
9579 2368
9580 2560
9581 2752
9582 2944
9583 3136
9584 3328
9585 3521
9586 3713
9587 3905
9588 4097
9589 4289
9590 4482
9591 4674
9592 4866
9593 5059
9594 5251
9595 5444
9596 5636
9597 5828
9598 6021
9599 6213
9600 6406
9601 6598
9602 6791
9603 6983
9604 7176
9605 7369
9606 7561
9607 7754
9608 7946
9609 8139
9610 8332
9611 8524
9612 8717
9613 8910
9614 9103
9615 9296
9616 9488
9617 9681
9618 9874
9619 67
9620 260
9621 453
9622 646
9623 839
9624 1032
9625 1225
9626 1418
9627 1611
9628 1804
9629 1997
9630 2190
9631 2383
9632 2576
9633 2769
9634 2962
9635 3156
9636 3349
9637 3542
9638 3735
9639 3928
9640 4122
9641 4315
9642 4508
9643 4702
9644 4895
9645 5089
9646 5282
9647 5475
9648 5669
9649 5862
9650 6056
9651 6249
9652 6443
9653 6636
9654 6830
9655 7024
9656 7217
9657 7411
9658 7604
9659 7798
9660 7992
9661 8185
9662 8379
9663 8573
9664 8767
9665 8961
9666 9154
9667 9348
9668 9542
9669 9736
9670 9930
9671 124
9672 318
9673 512
9674 706
9675 900
9676 1094
9677 1288
9678 1482
9679 1676
9680 1870
9681 2064
9682 2258
9683 2452
9684 2646
9685 2841
9686 3035
9687 3229
9688 3423
9689 3617
9690 3812
9691 4006
9692 4200
9693 4395
9694 4589
9695 4784
9696 4978
9697 5172
9698 5367
9699 5561
9700 5756
9701 5950
9702 6145
9703 6339
9704 6534
9705 6729
9706 6923
9707 7118
9708 7312
9709 7507
9710 7702
9711 7896
9712 8091
9713 8286
9714 8481
9715 8676
9716 8870
9717 9065
9718 9260
9719 9455
9720 9650
9721 9845
9722 40
9723 235
9724 430
9725 625
9726 820
9727 1015
9728 1210
9729 1405
9730 1600
9731 1795
9732 1990
9733 2185
9734 2380
9735 2576
9736 2771
9737 2966
9738 3161
9739 3356
9740 3552
9741 3747
9742 3942
9743 4138
9744 4333
9745 4529
9746 4724
9747 4919
9748 5115
9749 5310
9750 5506
9751 5701
9752 5897
9753 6092
9754 6288
9755 6484
9756 6679
9757 6875
9758 7070
9759 7266
9760 7462
9761 7657
9762 7853
9763 8049
9764 8245
9765 8441
9766 8636
9767 8832
9768 9028
9769 9224
9770 9420
9771 9616
9772 9812
9773 8
9774 204
9775 400
9776 596
9777 792
9778 988
9779 1184
9780 1380
9781 1576
9782 1772
9783 1968
9784 2164
9785 2361
9786 2557
9787 2753
9788 2949
9789 3145
9790 3342
9791 3538
9792 3734
9793 3931
9794 4127
9795 4324
9796 4520
9797 4716
9798 4913
9799 5109
9800 5306
9801 5502
9802 5699
9803 5895
9804 6092
9805 6289
9806 6485
9807 6682
9808 6878
9809 7075
9810 7272
9811 7468
9812 7665
9813 7862
9814 8059
9815 8256
9816 8452
9817 8649
9818 8846
9819 9043
9820 9240
9821 9437
9822 9634
9823 9831
9824 28
9825 225
9826 422
9827 619
9828 816
9829 1013
9830 1210
9831 1407
9832 1604
9833 1801
9834 1998
9835 2196
9836 2393
9837 2590
9838 2787
9839 2984
9840 3182
9841 3379
9842 3576
9843 3774
9844 3971
9845 4169
9846 4366
9847 4563
9848 4761
9849 4958
9850 5156
9851 5353
9852 5551
9853 5748
9854 5946
9855 6144
9856 6341
9857 6539
9858 6736
9859 6934
9860 7132
9861 7329
9862 7527
9863 7725
9864 7923
9865 8121
9866 8318
9867 8516
9868 8714
9869 8912
9870 9110
9871 9308
9872 9506
9873 9704
9874 9902
9875 100
9876 298
9877 496
9878 694
9879 892
9880 1090
9881 1288
9882 1486
9883 1684
9884 1882
9885 2081
9886 2279
9887 2477
9888 2675
9889 2873
9890 3072
9891 3270
9892 3468
9893 3667
9894 3865
9895 4064
9896 4262
9897 4460
9898 4659
9899 4857
9900 5056
9901 5254
9902 5453
9903 5651
9904 5850
9905 6049
9906 6247
9907 6446
9908 6644
9909 6843
9910 7042
9911 7240
9912 7439
9913 7638
9914 7837
9915 8036
9916 8234
9917 8433
9918 8632
9919 8831
9920 9030
9921 9229
9922 9428
9923 9627
9924 9826
9925 25
9926 224
9927 423
9928 622
9929 821
9930 1020
9931 1219
9932 1418
9933 1617
9934 1816
9935 2016
9936 2215
9937 2414
9938 2613
9939 2812
9940 3012
9941 3211
9942 3410
9943 3610
9944 3809
9945 4009
9946 4208
9947 4407
9948 4607
9949 4806
9950 5006
9951 5205
9952 5405
9953 5604
9954 5804
9955 6004
9956 6203
9957 6403
9958 6602
9959 6802
9960 7002
9961 7201
9962 7401
9963 7601
9964 7801
9965 8001
9966 8200
9967 8400
9968 8600
9969 8800
9970 9000
9971 9200
9972 9400
9973 9600
9974 9800
9975 0
9976 200
9977 400
9978 600
9979 800
9980 1000
9981 1200
9982 1400
9983 1600
9984 1800
9985 2001
9986 2201
9987 2401
9988 2601
9989 2801
9990 3002
9991 3202
9992 3402
9993 3603
9994 3803
9995 4004
9996 4204
9997 4404
9998 4605
9999 4805
